0.046819 0.039616 0.039016 0.044418 0.053822 0.029612 0.038415 0.012605 0.033814 0.027411 0.047819 0.037015 0.035814 0.025610 0.047619 0.032413 0.036415 0.034414 0.008804 0.005402 0.034814 0.021208 0.009204 0.008403 0.043417 0.041016 0.036615 0.019008 0.031813 0.039416 0.021409 0.016807 
0.065226 0.038215 0.057423 0.042217 0.050620 0.024610 0.034014 0.007003 0.035414 0.028812 0.041617 0.038015 0.030012 0.026411 0.052421 0.030412 0.032013 0.030412 0.011805 0.004602 0.028611 0.025610 0.011004 0.008603 0.047819 0.028611 0.042817 0.019008 0.037415 0.032413 0.019008 0.017807 
0.049420 0.034614 0.046619 0.039816 0.059224 0.025210 0.038215 0.013005 0.034614 0.031413 0.049820 0.033413 0.029012 0.025610 0.049220 0.037615 0.035214 0.028211 0.008804 0.004002 0.030012 0.021208 0.011605 0.011605 0.040216 0.038816 0.046419 0.017407 0.031613 0.038215 0.024610 0.015206 
0.061625 0.036615 0.057623 0.043017 0.047819 0.025810 0.035414 0.007003 0.036014 0.029812 0.042217 0.040616 0.029812 0.025210 0.049620 0.029812 0.032613 0.031212 0.011805 0.004202 0.028011 0.027411 0.010804 0.008804 0.051821 0.029012 0.043217 0.019008 0.035814 0.031813 0.020608 0.015806 
0.045618 0.038615 0.039616 0.044418 0.057023 0.030612 0.036615 0.009404 0.033013 0.027211 0.047019 0.037615 0.037415 0.026811 0.052621 0.033814 0.036415 0.037815 0.008603 0.004202 0.036014 0.021409 0.006603 0.007003 0.038816 0.041417 0.037215 0.018007 0.031212 0.037815 0.019808 0.020208 
0.054022 0.038816 0.041817 0.044018 0.053822 0.031012 0.035814 0.011004 0.032413 0.027611 0.048619 0.039016 0.035014 0.024010 0.053621 0.031813 0.033613 0.033013 0.008603 0.004602 0.033613 0.022409 0.010004 0.008003 0.039216 0.035614 0.043417 0.015006 0.031813 0.037415 0.025610 0.015606 
0.049420 0.039616 0.045418 0.035414 0.056623 0.024810 0.040216 0.015206 0.039016 0.030812 0.050820 0.031613 0.029212 0.022609 0.045618 0.035414 0.034614 0.029612 0.010204 0.006603 0.033814 0.019808 0.010604 0.012005 0.044018 0.037215 0.045018 0.018808 0.030612 0.035214 0.024810 0.015206 
0.048019 0.038816 0.044218 0.035414 0.053822 0.025810 0.039616 0.015406 0.041016 0.031413 0.049420 0.033814 0.029612 0.023609 0.042617 0.036615 0.034814 0.029812 0.010004 0.006603 0.035214 0.021208 0.012405 0.012005 0.043617 0.037015 0.043417 0.017407 0.032213 0.036014 0.022209 0.016807 
0.047419 0.036214 0.041417 0.049020 0.056423 0.031012 0.035814 0.011605 0.028011 0.028411 0.041417 0.042817 0.031613 0.029412 0.049220 0.039016 0.034614 0.031012 0.009004 0.004202 0.024610 0.031413 0.010804 0.007803 0.041417 0.036815 0.045218 0.019608 0.036014 0.031813 0.022809 0.014006 
0.054222 0.040416 0.045818 0.043417 0.055022 0.029612 0.036415 0.013005 0.035614 0.025210 0.046218 0.035014 0.032613 0.024410 0.053621 0.032813 0.031012 0.034814 0.007003 0.004802 0.034014 0.020008 0.011805 0.008003 0.041617 0.037615 0.039416 0.016607 0.034614 0.034414 0.023009 0.017807 
0.048419 0.040216 0.040816 0.039816 0.055222 0.026010 0.041216 0.014606 0.035814 0.030812 0.046619 0.032413 0.031012 0.025810 0.045818 0.034214 0.035014 0.030412 0.010004 0.008403 0.035214 0.020408 0.009404 0.009604 0.047219 0.041016 0.038615 0.020608 0.028211 0.037415 0.021609 0.018007 
0.062225 0.038615 0.051220 0.042417 0.051821 0.026411 0.034414 0.010404 0.035014 0.032213 0.047619 0.038415 0.029212 0.025210 0.046419 0.031012 0.032813 0.031012 0.012205 0.004602 0.030212 0.021809 0.009404 0.006803 0.050020 0.030212 0.045818 0.019208 0.035614 0.029212 0.023209 0.015206 
0.048820 0.038215 0.041417 0.037815 0.054622 0.026811 0.039016 0.015006 0.037015 0.030412 0.048419 0.032013 0.031212 0.026010 0.044818 0.034814 0.035814 0.031813 0.010404 0.007803 0.033213 0.021409 0.010804 0.011204 0.044818 0.038215 0.040616 0.020408 0.027811 0.036815 0.024010 0.018407 
0.054022 0.039016 0.046419 0.045018 0.056623 0.027411 0.036415 0.010804 0.033814 0.025010 0.049820 0.038215 0.035014 0.021409 0.055222 0.034614 0.030412 0.034814 0.006403 0.003802 0.034814 0.020808 0.008203 0.007603 0.041417 0.033613 0.041016 0.016206 0.033814 0.037815 0.024010 0.016407 
0.047819 0.036415 0.040416 0.049820 0.051020 0.030612 0.039416 0.012405 0.029612 0.028211 0.039016 0.041617 0.030012 0.029012 0.050020 0.038615 0.034414 0.033613 0.008203 0.005202 0.024810 0.031012 0.010204 0.008603 0.039216 0.036014 0.046419 0.020608 0.037415 0.031212 0.022409 0.016607 
0.045218 0.036615 0.037415 0.047419 0.048019 0.030812 0.038615 0.014806 0.024810 0.027811 0.042017 0.039616 0.029412 0.030812 0.048820 0.039816 0.034814 0.034214 0.011204 0.006603 0.021609 0.034614 0.013405 0.008804 0.035414 0.031813 0.048419 0.022209 0.037215 0.034814 0.024010 0.018808 
0.048820 0.039616 0.043617 0.041417 0.053421 0.027011 0.039816 0.013005 0.035214 0.029012 0.048219 0.033613 0.034814 0.023810 0.048219 0.033013 0.035214 0.033013 0.009604 0.005202 0.037215 0.018207 0.008603 0.010004 0.046619 0.039816 0.037215 0.018607 0.030012 0.040816 0.020808 0.016407 
0.063826 0.038816 0.059024 0.040416 0.049620 0.023810 0.032013 0.008804 0.039216 0.028211 0.044818 0.038615 0.029612 0.025010 0.054022 0.027611 0.031413 0.032213 0.011605 0.004202 0.028411 0.025010 0.010004 0.007803 0.049220 0.028611 0.040016 0.018808 0.035014 0.036214 0.019208 0.018808 
0.066026 0.036214 0.057423 0.041016 0.048619 0.025010 0.034814 0.008804 0.040816 0.029412 0.042017 0.038816 0.029612 0.024610 0.048019 0.032213 0.031012 0.031813 0.012005 0.004202 0.030612 0.025410 0.010604 0.007203 0.050420 0.029012 0.041216 0.020008 0.036014 0.031613 0.019808 0.015606 
0.062825 0.037615 0.054622 0.044418 0.049020 0.024810 0.035414 0.008403 0.036415 0.029412 0.042817 0.038215 0.029412 0.026010 0.050220 0.031212 0.032013 0.031413 0.012605 0.004202 0.028011 0.024410 0.009804 0.008804 0.049820 0.027811 0.043617 0.019608 0.036615 0.032213 0.021008 0.017207 
0.055622 0.036615 0.056222 0.041216 0.050820 0.023209 0.034214 0.012805 0.034214 0.026010 0.040016 0.034414 0.034414 0.024810 0.056423 0.031413 0.033213 0.031413 0.009404 0.007603 0.028611 0.024810 0.010804 0.012005 0.043017 0.033013 0.041016 0.019008 0.034414 0.037815 0.020008 0.021409 
0.050820 0.039216 0.038816 0.045018 0.056423 0.029012 0.037415 0.010004 0.034214 0.025610 0.050220 0.039816 0.037615 0.023209 0.052421 0.034014 0.034614 0.033213 0.007003 0.003802 0.035414 0.023009 0.008804 0.007003 0.038615 0.037415 0.040616 0.013806 0.032013 0.041216 0.022209 0.017407 
0.046619 0.039216 0.043217 0.040016 0.050820 0.027211 0.038215 0.014606 0.039816 0.032413 0.045418 0.034014 0.033613 0.025610 0.044018 0.031613 0.035614 0.031813 0.011405 0.007203 0.034814 0.021008 0.012005 0.010204 0.049420 0.037615 0.038615 0.020008 0.028812 0.035214 0.022409 0.017407 
0.044418 0.037015 0.037415 0.047619 0.053221 0.030612 0.037015 0.012205 0.031613 0.030412 0.044618 0.040416 0.030612 0.030412 0.046419 0.038615 0.035814 0.032613 0.009204 0.004802 0.022209 0.033013 0.011605 0.008203 0.041216 0.035414 0.047019 0.021008 0.034414 0.032613 0.022009 0.016206 
0.057423 0.037215 0.055422 0.042217 0.047419 0.023409 0.036615 0.013405 0.033413 0.024610 0.037415 0.034414 0.035814 0.023810 0.056222 0.030812 0.033213 0.030812 0.008003 0.008203 0.030412 0.024810 0.012405 0.012005 0.042217 0.032813 0.040416 0.019008 0.036615 0.039016 0.020008 0.020408 
0.048419 0.037815 0.044018 0.037015 0.059424 0.023209 0.040816 0.013005 0.037615 0.030412 0.052421 0.032613 0.032213 0.023209 0.046218 0.038215 0.035614 0.027611 0.008403 0.005202 0.034814 0.021409 0.007803 0.011204 0.042417 0.037215 0.048019 0.016807 0.030212 0.037415 0.023209 0.016006 
0.048619 0.039816 0.041617 0.042617 0.053621 0.024810 0.039816 0.013205 0.037615 0.031212 0.047619 0.033814 0.034614 0.024810 0.047019 0.031413 0.035614 0.031413 0.009004 0.006603 0.035414 0.019408 0.008804 0.009804 0.048419 0.039016 0.038215 0.019408 0.028611 0.038215 0.021208 0.018607 
0.053221 0.037815 0.047019 0.042417 0.058623 0.028411 0.040416 0.011605 0.035614 0.025010 0.043617 0.037415 0.034214 0.021208 0.053021 0.038615 0.029812 0.030812 0.006603 0.004202 0.036214 0.024810 0.011004 0.008403 0.042417 0.040216 0.041617 0.013806 0.031813 0.033814 0.022209 0.014006 
0.056823 0.035814 0.051220 0.040616 0.054822 0.026811 0.035614 0.010004 0.036214 0.029212 0.047019 0.038415 0.028411 0.025210 0.048619 0.032613 0.034014 0.030212 0.011405 0.005002 0.031212 0.021809 0.010004 0.010204 0.044418 0.033213 0.043818 0.018808 0.034614 0.033413 0.025610 0.014806 
0.045418 0.035814 0.044018 0.036615 0.060224 0.024410 0.038816 0.012205 0.039016 0.031413 0.052221 0.036214 0.027411 0.026010 0.043818 0.036615 0.036815 0.029012 0.010404 0.006202 0.033814 0.021208 0.009004 0.010604 0.041417 0.037415 0.043417 0.020808 0.031212 0.036815 0.025610 0.016006 
0.054022 0.039016 0.047819 0.042617 0.058824 0.028211 0.041417 0.011405 0.034214 0.023009 0.044618 0.037015 0.033013 0.020008 0.053621 0.037415 0.030012 0.032413 0.007003 0.005202 0.034414 0.024410 0.009804 0.007603 0.043017 0.039016 0.043017 0.014806 0.032813 0.031413 0.024410 0.014406 
0.065826 0.038015 0.058223 0.042417 0.047819 0.025410 0.035014 0.009204 0.035214 0.029012 0.041216 0.039216 0.029012 0.025010 0.050020 0.030812 0.031012 0.031413 0.012005 0.004402 0.029412 0.025410 0.010804 0.007603 0.052021 0.029012 0.042217 0.018207 0.036415 0.031613 0.019608 0.017407 
0.055822 0.036214 0.050820 0.040216 0.055022 0.025210 0.037215 0.012205 0.034814 0.033213 0.047219 0.038215 0.026811 0.024410 0.047419 0.032013 0.033613 0.029212 0.011004 0.004602 0.032213 0.020608 0.010404 0.011204 0.044618 0.036014 0.046619 0.019208 0.035214 0.029412 0.025410 0.013806 
0.048820 0.040216 0.038015 0.045618 0.053021 0.030612 0.039216 0.011004 0.029412 0.023409 0.046419 0.038816 0.038015 0.024610 0.050620 0.031613 0.037215 0.035814 0.010804 0.005002 0.034214 0.023409 0.008804 0.008003 0.041617 0.040816 0.034414 0.017607 0.031613 0.042617 0.021208 0.017407 
0.056222 0.037215 0.052821 0.040816 0.047219 0.022409 0.037415 0.014406 0.039416 0.025810 0.036415 0.032413 0.037615 0.024010 0.058023 0.030212 0.031813 0.030612 0.009804 0.005602 0.033013 0.025810 0.014806 0.013205 0.040816 0.033213 0.037215 0.019808 0.032013 0.041417 0.020608 0.017807 
0.056423 0.035014 0.048219 0.041817 0.055022 0.024810 0.037415 0.011204 0.035814 0.029612 0.048820 0.036014 0.030412 0.024810 0.046819 0.035014 0.033613 0.029812 0.011605 0.004202 0.031012 0.022209 0.011004 0.009204 0.042217 0.034214 0.046619 0.018607 0.036214 0.032813 0.024210 0.015206 
0.044618 0.036815 0.036615 0.046419 0.052021 0.029812 0.038215 0.013205 0.033213 0.029612 0.042617 0.043617 0.030812 0.028812 0.047819 0.037015 0.034614 0.031813 0.010204 0.005402 0.027611 0.032813 0.013605 0.007003 0.038816 0.035214 0.043617 0.019208 0.033213 0.034414 0.024210 0.017007 
0.053221 0.037615 0.045018 0.046619 0.055022 0.027211 0.036615 0.015206 0.032413 0.026611 0.045218 0.039416 0.033413 0.023609 0.048619 0.037215 0.028411 0.031413 0.007403 0.005402 0.033013 0.024810 0.011605 0.008603 0.045418 0.036014 0.042017 0.016807 0.035214 0.031212 0.023209 0.016407 
0.046619 0.038015 0.041617 0.037615 0.057023 0.026210 0.042817 0.012805 0.036615 0.030612 0.046819 0.029812 0.030812 0.026210 0.044818 0.036415 0.037215 0.032013 0.010204 0.007803 0.035214 0.019608 0.009404 0.010804 0.045018 0.041216 0.039416 0.022009 0.027411 0.037015 0.023009 0.017807 
0.051821 0.036014 0.046819 0.039416 0.060824 0.026210 0.039816 0.011605 0.032813 0.028211 0.049820 0.033013 0.029212 0.024810 0.048820 0.037615 0.035814 0.029612 0.008804 0.004402 0.030812 0.020808 0.010004 0.010804 0.041417 0.038215 0.047019 0.017207 0.031613 0.034614 0.026611 0.015406 
0.046619 0.039016 0.039216 0.046018 0.054822 0.031813 0.037815 0.011004 0.029612 0.024410 0.044418 0.039816 0.037015 0.026611 0.049020 0.035214 0.037815 0.035014 0.008603 0.005402 0.035814 0.021609 0.008804 0.006403 0.040616 0.039816 0.036415 0.016807 0.034614 0.040216 0.021208 0.018407 
0.051621 0.039016 0.047419 0.044618 0.056022 0.028611 0.038415 0.011405 0.033814 0.024010 0.047219 0.038816 0.033213 0.022409 0.053421 0.034814 0.031212 0.034814 0.006803 0.003201 0.035014 0.022009 0.008403 0.007803 0.043217 0.035614 0.041817 0.016407 0.034414 0.034014 0.025010 0.015406 
0.055022 0.037615 0.053621 0.042417 0.048419 0.023409 0.035014 0.013405 0.034814 0.026811 0.037215 0.035814 0.037015 0.024610 0.055422 0.031212 0.032413 0.028011 0.008403 0.007403 0.031212 0.026210 0.014606 0.013806 0.041016 0.032613 0.040216 0.018607 0.037215 0.039616 0.018808 0.018007 
0.054422 0.039416 0.058623 0.041417 0.050620 0.022809 0.033814 0.013005 0.034014 0.025010 0.039616 0.033613 0.033613 0.025210 0.058223 0.028211 0.031813 0.032013 0.010004 0.007203 0.028611 0.024410 0.012005 0.011805 0.044618 0.032013 0.039216 0.021409 0.036415 0.036014 0.020608 0.020208 
0.049020 0.039816 0.040416 0.045018 0.053621 0.029812 0.037215 0.013205 0.032813 0.028211 0.045418 0.036214 0.036014 0.026210 0.049220 0.032213 0.037015 0.033613 0.009604 0.005202 0.035214 0.018607 0.008403 0.008203 0.044618 0.039016 0.037215 0.019208 0.031413 0.039416 0.022809 0.016006 
0.063225 0.039416 0.058824 0.041417 0.050220 0.023810 0.034414 0.009804 0.037815 0.025810 0.042017 0.036815 0.031012 0.024210 0.055622 0.029612 0.030612 0.029812 0.010604 0.004202 0.028011 0.026411 0.012005 0.009204 0.047419 0.031613 0.040616 0.016807 0.036415 0.037015 0.017607 0.017607 
0.055622 0.038415 0.051020 0.041216 0.055822 0.026010 0.035214 0.012405 0.039416 0.030012 0.047619 0.037415 0.028411 0.023609 0.046018 0.034414 0.032613 0.030012 0.010004 0.005402 0.030612 0.020208 0.011204 0.008603 0.048219 0.032613 0.042417 0.019208 0.036014 0.032413 0.024010 0.013806 
0.062425 0.038816 0.056623 0.042617 0.049620 0.026611 0.032813 0.008403 0.037615 0.028211 0.042417 0.038215 0.030412 0.026411 0.051421 0.029612 0.031413 0.030812 0.011605 0.005002 0.029012 0.024810 0.010804 0.008203 0.050420 0.029412 0.041817 0.018007 0.036214 0.032813 0.019608 0.017807 
0.047219 0.039016 0.042017 0.043217 0.054822 0.029412 0.038615 0.011405 0.032813 0.027811 0.047419 0.035814 0.034814 0.025610 0.049820 0.031212 0.038615 0.035214 0.009804 0.005602 0.034014 0.018808 0.007603 0.007003 0.043818 0.040616 0.036615 0.020408 0.030412 0.040416 0.023409 0.016607 
0.050220 0.036014 0.044418 0.034414 0.055022 0.023009 0.040016 0.015606 0.040016 0.030812 0.050420 0.032413 0.029812 0.025210 0.043417 0.032613 0.035214 0.026811 0.009204 0.007803 0.036415 0.021409 0.012205 0.014406 0.044018 0.037615 0.042217 0.020208 0.027411 0.037615 0.027411 0.016607 
0.061825 0.038415 0.051220 0.043017 0.047619 0.028011 0.035614 0.008203 0.039616 0.030812 0.042817 0.038615 0.028812 0.025610 0.048419 0.029212 0.032013 0.034814 0.013605 0.005402 0.028611 0.024810 0.011605 0.007203 0.049620 0.030612 0.040616 0.020808 0.034814 0.029412 0.021208 0.017007 
0.060024 0.038015 0.048820 0.043017 0.054822 0.026611 0.035014 0.010204 0.036815 0.033013 0.046218 0.038015 0.029812 0.024210 0.046419 0.031413 0.034214 0.029212 0.012605 0.005402 0.028411 0.021409 0.011004 0.008203 0.048619 0.034214 0.044618 0.018407 0.034814 0.029612 0.023009 0.013806 
0.050220 0.036415 0.045618 0.036415 0.056423 0.022809 0.041016 0.015406 0.039016 0.030212 0.048219 0.033613 0.030412 0.022009 0.045818 0.034214 0.034414 0.027211 0.009804 0.009004 0.034614 0.021609 0.009404 0.014206 0.044418 0.038816 0.043017 0.020008 0.028211 0.036014 0.026010 0.015406 
0.048820 0.036615 0.043017 0.035814 0.055422 0.024610 0.043417 0.014206 0.037615 0.030612 0.048019 0.030812 0.031212 0.023409 0.042817 0.036214 0.036415 0.031413 0.010404 0.007403 0.035814 0.020608 0.010604 0.013005 0.045418 0.041617 0.039616 0.020808 0.027211 0.037015 0.023209 0.016807 
0.048820 0.035814 0.047019 0.035214 0.058023 0.023209 0.041016 0.013806 0.041016 0.031212 0.050820 0.033613 0.029212 0.022809 0.044418 0.036214 0.035814 0.027211 0.009004 0.005802 0.033613 0.021809 0.009804 0.012605 0.043217 0.039416 0.046619 0.018007 0.030412 0.035214 0.024610 0.014606 
0.043417 0.037815 0.037215 0.046218 0.049420 0.030812 0.038215 0.015406 0.025010 0.027611 0.042617 0.040216 0.029412 0.030412 0.047419 0.040616 0.035614 0.032813 0.011004 0.006403 0.021609 0.034614 0.014406 0.009404 0.036615 0.031212 0.049020 0.020208 0.037415 0.035014 0.024210 0.018607 
0.051220 0.040416 0.039616 0.044818 0.056022 0.028812 0.038215 0.010004 0.033613 0.024210 0.052221 0.038816 0.037815 0.022209 0.053221 0.032813 0.034614 0.033413 0.006403 0.003802 0.035214 0.022209 0.008003 0.006603 0.039616 0.036415 0.041417 0.013806 0.032213 0.042017 0.023409 0.016807 
0.049220 0.040616 0.037415 0.045218 0.056222 0.030612 0.038215 0.010004 0.030812 0.023810 0.047219 0.038615 0.038215 0.025610 0.051020 0.033814 0.038816 0.035414 0.008603 0.004802 0.034814 0.021809 0.006202 0.005802 0.040816 0.040016 0.036014 0.016607 0.031413 0.043017 0.020608 0.018607 
0.049220 0.039016 0.041617 0.041617 0.053221 0.025810 0.038615 0.013806 0.036815 0.030612 0.046218 0.034814 0.036815 0.024210 0.046619 0.031012 0.036415 0.032413 0.009604 0.006803 0.035614 0.020608 0.009604 0.009404 0.047219 0.040016 0.037815 0.019008 0.028611 0.036815 0.021409 0.018607 
0.062425 0.039416 0.057423 0.041817 0.047219 0.026411 0.030412 0.010604 0.038215 0.027411 0.044218 0.039416 0.029212 0.026611 0.052021 0.027011 0.029412 0.031012 0.012005 0.005802 0.028812 0.025810 0.011805 0.009004 0.049220 0.028611 0.040616 0.018407 0.037415 0.033814 0.019608 0.018808 
0.055822 0.039816 0.053021 0.042217 0.051220 0.025210 0.032213 0.012805 0.036815 0.026811 0.040216 0.036815 0.034814 0.024610 0.057223 0.028812 0.031613 0.032013 0.009404 0.006803 0.029012 0.025610 0.012005 0.011605 0.043617 0.033814 0.038415 0.018407 0.034214 0.036014 0.019008 0.020008 
0.045218 0.036415 0.046419 0.034814 0.060824 0.024610 0.038615 0.013205 0.038615 0.029212 0.054222 0.033013 0.029812 0.023409 0.046419 0.038015 0.034014 0.030212 0.009204 0.005802 0.032413 0.023409 0.010404 0.011405 0.042017 0.039016 0.045218 0.017007 0.029212 0.036214 0.023810 0.017807 
0.050220 0.035014 0.046419 0.038415 0.057023 0.023409 0.041216 0.013005 0.036014 0.030012 0.049620 0.034214 0.030012 0.023609 0.047019 0.035214 0.035214 0.028411 0.010204 0.005602 0.032813 0.022609 0.012005 0.009804 0.042017 0.037815 0.045818 0.018007 0.030812 0.035614 0.026611 0.016206 
0.045218 0.037615 0.040816 0.038015 0.052821 0.028211 0.039416 0.015806 0.038615 0.030212 0.047219 0.031012 0.031012 0.026611 0.045418 0.036014 0.032213 0.031012 0.011805 0.009004 0.035214 0.022609 0.011605 0.013605 0.044218 0.039616 0.039216 0.020408 0.026811 0.037815 0.022809 0.018007 
0.049020 0.035814 0.044018 0.036615 0.057223 0.025010 0.042817 0.013806 0.036214 0.029612 0.046419 0.031212 0.029812 0.025410 0.046218 0.036014 0.036615 0.030612 0.010204 0.007003 0.035014 0.021008 0.009204 0.012405 0.043017 0.042817 0.040816 0.020808 0.027211 0.036615 0.024210 0.017207 
0.049220 0.039616 0.039416 0.045218 0.055222 0.031413 0.038215 0.010804 0.033213 0.024410 0.046218 0.037815 0.036214 0.025810 0.051220 0.032613 0.037215 0.035214 0.008403 0.004802 0.035014 0.020808 0.007603 0.006603 0.041617 0.041417 0.036014 0.017207 0.031413 0.040816 0.022009 0.017207 
0.053621 0.036615 0.058423 0.039816 0.047619 0.024410 0.034614 0.012205 0.035414 0.025010 0.040416 0.036214 0.032213 0.025410 0.053822 0.030012 0.031212 0.031613 0.010204 0.008603 0.031813 0.025610 0.012205 0.011805 0.044218 0.031813 0.038615 0.020808 0.036815 0.037815 0.020408 0.020608 
0.050020 0.042017 0.037815 0.042817 0.057423 0.028812 0.037415 0.010204 0.033413 0.025810 0.052021 0.039416 0.038215 0.022609 0.050220 0.033613 0.034414 0.032013 0.007203 0.005002 0.036615 0.023810 0.009604 0.007203 0.040616 0.035214 0.040616 0.014806 0.031813 0.040216 0.023009 0.016006 
0.052221 0.037015 0.048019 0.045018 0.057223 0.025410 0.035814 0.014206 0.035814 0.025010 0.044418 0.040216 0.035814 0.021208 0.052821 0.035614 0.028812 0.033013 0.006803 0.004602 0.034014 0.025010 0.010204 0.009804 0.043818 0.037615 0.038816 0.016607 0.033413 0.032613 0.022409 0.016607 
0.047419 0.036415 0.045818 0.034814 0.058623 0.024610 0.039816 0.015206 0.037615 0.029212 0.051421 0.033613 0.029012 0.022609 0.043818 0.040016 0.032413 0.030212 0.008804 0.008403 0.034014 0.023810 0.010204 0.011405 0.043017 0.037815 0.044218 0.019208 0.030412 0.034614 0.024010 0.017407 
0.046619 0.036214 0.040416 0.047219 0.052621 0.030012 0.037815 0.011805 0.027811 0.029212 0.044218 0.040216 0.032813 0.029012 0.047619 0.039416 0.035414 0.032413 0.008203 0.004402 0.024210 0.032813 0.011204 0.008203 0.040016 0.034814 0.049020 0.019408 0.036014 0.032613 0.021809 0.016407 
0.054822 0.034814 0.048219 0.043617 0.055822 0.024210 0.039416 0.010804 0.035414 0.030212 0.047419 0.038215 0.028812 0.023810 0.048820 0.036014 0.033413 0.029812 0.009804 0.004202 0.030412 0.022809 0.009204 0.009404 0.042417 0.034614 0.046819 0.018607 0.035014 0.033213 0.024810 0.015006 
0.045018 0.039616 0.036415 0.045618 0.054422 0.034214 0.038215 0.012405 0.032813 0.024810 0.045618 0.037215 0.035814 0.027011 0.047419 0.036214 0.037815 0.034414 0.009404 0.005402 0.034414 0.020408 0.009204 0.007803 0.042417 0.039416 0.037815 0.016807 0.031813 0.040216 0.024010 0.015806 
0.063826 0.036214 0.057823 0.041617 0.047819 0.024210 0.032813 0.007403 0.037415 0.026210 0.042217 0.037615 0.031413 0.029012 0.053421 0.027411 0.033814 0.030812 0.012805 0.004202 0.027411 0.028011 0.009004 0.008603 0.046018 0.028411 0.044418 0.019608 0.036415 0.033814 0.020008 0.020208 
0.047219 0.035814 0.046819 0.035614 0.062225 0.025210 0.037815 0.012805 0.038015 0.028611 0.051020 0.034614 0.032413 0.022209 0.047019 0.038215 0.037415 0.029812 0.007603 0.006603 0.033613 0.020408 0.007603 0.011204 0.042417 0.039216 0.043617 0.016807 0.028812 0.037815 0.024810 0.016607 
0.058623 0.037815 0.049020 0.044218 0.055822 0.027411 0.033413 0.011605 0.037215 0.033213 0.044618 0.038215 0.028211 0.025010 0.048219 0.034214 0.031813 0.031012 0.012205 0.005402 0.026411 0.022409 0.011204 0.007803 0.048619 0.034014 0.042817 0.019608 0.034214 0.029212 0.022009 0.014406 
0.052421 0.036815 0.057223 0.042017 0.048619 0.024010 0.035014 0.012405 0.037215 0.025410 0.037815 0.034214 0.033413 0.026010 0.055622 0.030412 0.032013 0.032213 0.010204 0.007603 0.030412 0.024210 0.013005 0.011405 0.044618 0.032213 0.037815 0.021208 0.035814 0.037415 0.020608 0.020608 
0.051821 0.042417 0.042617 0.043818 0.053822 0.028411 0.038816 0.014606 0.034414 0.025410 0.044418 0.039016 0.032813 0.022209 0.050620 0.035214 0.029612 0.033413 0.010604 0.005402 0.035614 0.023810 0.011605 0.008403 0.044018 0.034014 0.039616 0.017007 0.034214 0.033013 0.023810 0.015406 
0.049620 0.038816 0.044418 0.035414 0.057423 0.024410 0.041617 0.012405 0.039416 0.030212 0.051220 0.032613 0.030212 0.023009 0.045018 0.036615 0.036014 0.029212 0.011204 0.005802 0.034214 0.021609 0.008203 0.011605 0.043818 0.037415 0.045018 0.018808 0.029812 0.037015 0.023009 0.014806 
0.049820 0.040616 0.038816 0.045618 0.055422 0.029212 0.036214 0.012005 0.033213 0.026611 0.049820 0.038015 0.036815 0.024010 0.053621 0.032213 0.034614 0.033613 0.008003 0.003401 0.033213 0.021409 0.010404 0.009004 0.039816 0.037015 0.040016 0.014006 0.031613 0.041216 0.022809 0.017807 
0.046419 0.038615 0.044818 0.036615 0.057823 0.024010 0.041817 0.014206 0.037815 0.027411 0.050420 0.032013 0.031413 0.023409 0.045818 0.036615 0.036214 0.028211 0.009204 0.006403 0.034814 0.021008 0.008603 0.012405 0.043217 0.038615 0.045818 0.017007 0.031012 0.037215 0.024010 0.017007 
0.051821 0.039416 0.042017 0.043818 0.058223 0.028411 0.036615 0.011805 0.035414 0.024410 0.050620 0.039216 0.036415 0.021809 0.053221 0.033814 0.034214 0.032613 0.006403 0.004202 0.034014 0.022009 0.008003 0.006403 0.039816 0.038015 0.041016 0.014206 0.032213 0.040016 0.023810 0.016006 
0.046419 0.037015 0.036815 0.048820 0.052821 0.031813 0.038015 0.012205 0.028812 0.029612 0.043417 0.043217 0.029212 0.029612 0.047419 0.040616 0.034614 0.032813 0.009204 0.004602 0.023209 0.033413 0.010404 0.008003 0.040016 0.034814 0.047219 0.019608 0.035214 0.033213 0.022209 0.015606 
0.048019 0.039616 0.042617 0.043818 0.055022 0.028011 0.038215 0.012005 0.034814 0.029812 0.048419 0.035814 0.033613 0.024410 0.049420 0.031813 0.035814 0.035414 0.009604 0.005402 0.034214 0.018407 0.008203 0.006803 0.045218 0.039016 0.037815 0.020608 0.031413 0.037215 0.022809 0.016607 
0.050020 0.038015 0.051621 0.043417 0.044418 0.025410 0.034014 0.015006 0.030612 0.023609 0.037415 0.033213 0.037615 0.027811 0.057623 0.029612 0.032413 0.032013 0.012405 0.008003 0.031012 0.025810 0.014206 0.014806 0.038015 0.031212 0.039416 0.020008 0.037415 0.041417 0.020008 0.022409 
0.046218 0.038215 0.042217 0.038015 0.056222 0.026210 0.039216 0.013405 0.036415 0.031413 0.047219 0.033213 0.032613 0.026811 0.046018 0.035014 0.037415 0.031613 0.009004 0.006803 0.034814 0.021609 0.009804 0.009604 0.044618 0.038015 0.040216 0.021208 0.027811 0.037615 0.023609 0.017807 
0.052221 0.040216 0.045618 0.046419 0.057223 0.028211 0.037615 0.010604 0.032613 0.024810 0.050220 0.039616 0.034014 0.021008 0.054822 0.033814 0.031012 0.034614 0.005402 0.003601 0.033814 0.021008 0.008403 0.007003 0.042617 0.036214 0.040216 0.015606 0.034814 0.038015 0.023209 0.015406 
0.062825 0.035214 0.057223 0.042017 0.050020 0.025210 0.034814 0.009004 0.039016 0.030212 0.042817 0.038816 0.032013 0.023209 0.048019 0.031613 0.032213 0.032013 0.010604 0.005002 0.030812 0.023810 0.010004 0.007203 0.052021 0.032213 0.040016 0.019408 0.034214 0.032813 0.020008 0.015606 
0.050220 0.035414 0.050820 0.040216 0.044618 0.027211 0.032413 0.014406 0.035214 0.026010 0.038015 0.032013 0.038415 0.028211 0.058023 0.027611 0.032413 0.032413 0.014406 0.009004 0.033013 0.025210 0.014606 0.014406 0.034814 0.033413 0.039016 0.021609 0.033613 0.040016 0.022409 0.020808 
0.050020 0.037815 0.050020 0.042217 0.045618 0.025810 0.034414 0.016807 0.031012 0.022809 0.037815 0.033213 0.034814 0.028011 0.054222 0.029612 0.033013 0.033413 0.013005 0.010004 0.029212 0.025810 0.014406 0.014406 0.039416 0.031613 0.037615 0.023409 0.036415 0.038215 0.023609 0.022209 
0.063826 0.038415 0.058824 0.041617 0.049620 0.026411 0.033013 0.008804 0.036415 0.027611 0.044818 0.038015 0.027811 0.025610 0.051421 0.030012 0.028611 0.031413 0.010404 0.005602 0.029412 0.024810 0.012605 0.008203 0.050620 0.028411 0.040616 0.019008 0.036815 0.033213 0.020808 0.017207 
0.047019 0.041216 0.036815 0.045018 0.057023 0.031613 0.039016 0.009204 0.030812 0.023009 0.047019 0.038215 0.037415 0.026210 0.050820 0.034014 0.038415 0.036014 0.009004 0.005002 0.035814 0.021609 0.006803 0.005802 0.040216 0.040416 0.035614 0.017607 0.032213 0.041617 0.021409 0.018007 
0.047619 0.037615 0.045818 0.035814 0.060024 0.025410 0.040216 0.012005 0.037215 0.029612 0.053021 0.032213 0.029812 0.023609 0.046819 0.038215 0.034614 0.029612 0.008804 0.006202 0.032813 0.022609 0.009004 0.010404 0.042617 0.038615 0.046619 0.017207 0.029612 0.036214 0.023209 0.016807 
0.062825 0.038816 0.055822 0.041216 0.050420 0.027011 0.034614 0.007203 0.038015 0.029412 0.042417 0.040216 0.029212 0.024610 0.050220 0.029412 0.032413 0.033413 0.011405 0.005002 0.029812 0.025210 0.010404 0.007803 0.051621 0.031012 0.039016 0.019008 0.034014 0.031613 0.019808 0.017007 
0.055422 0.036014 0.050820 0.040016 0.052821 0.024010 0.037815 0.011405 0.039816 0.030812 0.045418 0.035614 0.030412 0.024610 0.045418 0.033213 0.034614 0.027411 0.012205 0.005602 0.033013 0.020808 0.010804 0.011405 0.046218 0.032613 0.045418 0.019208 0.035214 0.033013 0.024410 0.014406 
0.043818 0.036615 0.034214 0.048219 0.047219 0.030412 0.036815 0.016006 0.024810 0.029812 0.042417 0.041617 0.029612 0.031813 0.047219 0.039616 0.035414 0.034014 0.011204 0.007203 0.021409 0.034814 0.014406 0.009204 0.034014 0.029812 0.048820 0.022209 0.037815 0.034414 0.024610 0.020408 
0.050420 0.037015 0.044018 0.036415 0.057223 0.024210 0.041817 0.014406 0.039216 0.029412 0.048619 0.033013 0.029412 0.023810 0.044818 0.035214 0.036415 0.029012 0.009404 0.006603 0.034414 0.020808 0.009404 0.012405 0.043818 0.040216 0.042617 0.019608 0.029012 0.036214 0.025410 0.015606 
0.053421 0.039616 0.045818 0.045418 0.056222 0.029212 0.037015 0.010604 0.032813 0.024010 0.049020 0.037815 0.034814 0.022409 0.054222 0.035014 0.031613 0.034014 0.006603 0.004202 0.034414 0.020408 0.008203 0.007003 0.040816 0.036415 0.040216 0.016006 0.035814 0.039416 0.022009 0.015406 
0.062425 0.038015 0.056423 0.042617 0.051821 0.025210 0.033613 0.008403 0.034414 0.029012 0.043417 0.038816 0.029812 0.025810 0.049020 0.033013 0.032013 0.030812 0.011805 0.003601 0.028011 0.025410 0.011405 0.009404 0.052021 0.027611 0.041817 0.018607 0.035814 0.033013 0.020408 0.016407 
0.061825 0.038816 0.051020 0.042017 0.053621 0.026611 0.036415 0.010804 0.038015 0.030212 0.045818 0.037615 0.027211 0.024810 0.047419 0.031613 0.032013 0.029812 0.011805 0.005002 0.030212 0.022009 0.010204 0.007203 0.048820 0.033413 0.044418 0.019208 0.035614 0.029012 0.023609 0.013806 
0.063025 0.045218 0.055022 0.045218 0.056022 0.028812 0.040616 0.009004 0.045018 0.024410 0.043617 0.039816 0.024610 0.020608 0.048419 0.028611 0.028211 0.030612 0.005602 0.005402 0.037415 0.014806 0.006202 0.006202 0.064026 0.040616 0.032013 0.014206 0.033013 0.030212 0.020008 0.013405 
0.048820 0.038415 0.044818 0.037215 0.056423 0.025810 0.041617 0.015206 0.036415 0.029812 0.049820 0.034014 0.027011 0.022209 0.043818 0.040616 0.035414 0.028812 0.009404 0.007803 0.031813 0.020408 0.009804 0.010404 0.046419 0.033013 0.045618 0.017807 0.030212 0.039016 0.026811 0.015206 
0.061625 0.046819 0.056423 0.044818 0.055822 0.031212 0.038015 0.008603 0.044618 0.024410 0.044618 0.039016 0.025410 0.022009 0.051220 0.028411 0.026010 0.030612 0.006603 0.005002 0.038415 0.015206 0.004602 0.005402 0.064226 0.037215 0.035414 0.014206 0.032413 0.028411 0.021208 0.012005 
0.050220 0.041817 0.043617 0.042617 0.054022 0.029412 0.039616 0.015406 0.038015 0.024410 0.043617 0.034814 0.029812 0.025410 0.049220 0.033213 0.032613 0.030212 0.010604 0.007603 0.035214 0.019208 0.010004 0.009004 0.047219 0.037615 0.038015 0.018207 0.031613 0.036415 0.025610 0.015606 
0.058423 0.041417 0.055022 0.044018 0.046218 0.024810 0.033613 0.018007 0.028611 0.024210 0.035814 0.039016 0.033413 0.024210 0.056222 0.029212 0.034214 0.035014 0.009204 0.005402 0.026210 0.025810 0.011805 0.009604 0.041216 0.032013 0.040016 0.022609 0.043217 0.034214 0.020008 0.017207 
0.062425 0.041417 0.056222 0.042017 0.050220 0.028011 0.038415 0.012405 0.035614 0.027011 0.034614 0.038215 0.029612 0.021409 0.055622 0.033814 0.033013 0.032213 0.008003 0.005602 0.027411 0.025210 0.010804 0.007203 0.047019 0.033613 0.042417 0.018007 0.037015 0.032013 0.020208 0.013205 
0.053822 0.038816 0.043017 0.042417 0.053421 0.030612 0.037015 0.015006 0.038415 0.027011 0.044418 0.036214 0.031212 0.025810 0.047619 0.033013 0.032613 0.030812 0.010604 0.007603 0.036014 0.019208 0.008603 0.008804 0.045618 0.040016 0.037815 0.018607 0.030812 0.035614 0.024210 0.015206 
0.053822 0.037815 0.044218 0.040416 0.056222 0.025010 0.044018 0.014406 0.038015 0.028011 0.044218 0.033213 0.025610 0.021409 0.047219 0.043417 0.034014 0.031613 0.009404 0.006803 0.028611 0.021208 0.010404 0.011605 0.044618 0.032013 0.042217 0.020208 0.030612 0.038615 0.026411 0.014606 
0.051220 0.035414 0.046819 0.036615 0.055422 0.028011 0.040416 0.017207 0.039816 0.027411 0.042817 0.031413 0.027011 0.024810 0.046419 0.039616 0.033613 0.029812 0.010404 0.008804 0.034414 0.019008 0.010204 0.012005 0.043217 0.039816 0.040416 0.019808 0.029212 0.037015 0.026210 0.015606 
0.059824 0.041016 0.054622 0.044018 0.051421 0.027011 0.039616 0.013405 0.031813 0.023209 0.034814 0.038816 0.032213 0.021008 0.054822 0.034214 0.032813 0.034614 0.006202 0.005602 0.030412 0.024410 0.011004 0.007203 0.044618 0.035214 0.040416 0.018808 0.040416 0.030212 0.021008 0.015206 
0.053621 0.043017 0.044218 0.045218 0.057223 0.031413 0.041817 0.010804 0.038215 0.024010 0.043217 0.037415 0.028611 0.026210 0.048419 0.034614 0.033413 0.030212 0.007603 0.004202 0.037415 0.018007 0.005002 0.006803 0.052821 0.041817 0.038215 0.014606 0.031212 0.034014 0.022009 0.014606 
0.060624 0.040016 0.059224 0.043818 0.047819 0.025410 0.036014 0.015606 0.032813 0.026411 0.034614 0.038816 0.032213 0.021609 0.054022 0.033814 0.030612 0.031613 0.006803 0.005802 0.029012 0.025210 0.012405 0.008203 0.045618 0.031813 0.043017 0.020008 0.043417 0.030612 0.019208 0.013806 
0.057023 0.040816 0.049020 0.040016 0.051621 0.023609 0.040016 0.015006 0.038816 0.030212 0.044818 0.039016 0.026611 0.020608 0.045818 0.034014 0.030212 0.029812 0.010404 0.007203 0.030612 0.025410 0.013205 0.009404 0.051621 0.030212 0.042017 0.018607 0.032413 0.031413 0.025010 0.015406 
0.071028 0.047219 0.051220 0.052621 0.055622 0.030212 0.041817 0.006403 0.038215 0.021809 0.032013 0.042617 0.023810 0.024810 0.051220 0.034814 0.026611 0.029612 0.008603 0.005402 0.031212 0.022809 0.005802 0.003601 0.059624 0.035614 0.036214 0.016607 0.040216 0.023209 0.016407 0.013005 
0.049020 0.037615 0.046419 0.036615 0.055822 0.025610 0.040416 0.015406 0.037815 0.029412 0.047619 0.035214 0.026811 0.023009 0.044618 0.039816 0.035614 0.028011 0.009604 0.008203 0.032013 0.021008 0.010404 0.010404 0.044618 0.032813 0.045218 0.018007 0.031413 0.038816 0.027011 0.015606 
0.053221 0.036615 0.043417 0.038215 0.051821 0.029012 0.039616 0.018407 0.035014 0.031813 0.042617 0.031012 0.028611 0.024410 0.045818 0.039016 0.032613 0.029412 0.011605 0.010004 0.033814 0.019208 0.012005 0.013205 0.044418 0.037615 0.041216 0.020608 0.028211 0.037615 0.025610 0.014206 
0.070228 0.046419 0.053822 0.049620 0.058623 0.028211 0.039016 0.007003 0.045818 0.024610 0.038615 0.043818 0.024810 0.021409 0.051421 0.031413 0.025410 0.028011 0.006803 0.004202 0.035814 0.018207 0.004202 0.003401 0.064426 0.037415 0.032813 0.013405 0.034014 0.027411 0.017607 0.012005 
0.060224 0.042417 0.052021 0.044618 0.050620 0.026010 0.036014 0.014806 0.036615 0.027011 0.036014 0.037215 0.033013 0.023609 0.053021 0.032613 0.032213 0.032213 0.006403 0.005802 0.028812 0.024410 0.011805 0.007203 0.046619 0.033613 0.041216 0.019608 0.039616 0.029812 0.018808 0.016006 
0.053421 0.034014 0.049020 0.036014 0.050820 0.026811 0.038816 0.020008 0.039816 0.029212 0.043617 0.034014 0.026811 0.024010 0.045018 0.036415 0.032613 0.028211 0.010804 0.008203 0.034614 0.020408 0.012805 0.012205 0.043417 0.039016 0.041417 0.018808 0.030412 0.037415 0.027011 0.014806 
0.060424 0.038615 0.055622 0.041417 0.049620 0.025010 0.039016 0.011004 0.041016 0.031813 0.040216 0.041617 0.027211 0.020808 0.047619 0.033013 0.031613 0.032413 0.009804 0.005602 0.032613 0.023209 0.009204 0.006202 0.054222 0.031012 0.041016 0.019008 0.033814 0.029412 0.022009 0.014806 
0.049620 0.038215 0.044618 0.037215 0.057823 0.027011 0.040816 0.014606 0.037015 0.028611 0.049020 0.035614 0.027011 0.021809 0.045218 0.041417 0.034214 0.029612 0.009404 0.007203 0.032413 0.021409 0.008603 0.011605 0.044818 0.035014 0.044218 0.017607 0.030412 0.038215 0.025610 0.014006 
0.070028 0.045218 0.046419 0.051621 0.055222 0.030012 0.039616 0.008804 0.036815 0.024610 0.035814 0.045418 0.024210 0.023009 0.048820 0.036615 0.030212 0.029612 0.009404 0.005402 0.027211 0.023209 0.006603 0.005202 0.051421 0.033814 0.041216 0.015606 0.043017 0.025410 0.018007 0.012405 
0.061425 0.045618 0.052421 0.044018 0.054022 0.028011 0.040016 0.013605 0.046419 0.028611 0.045018 0.039216 0.022209 0.020408 0.046018 0.029212 0.024010 0.029612 0.007603 0.006603 0.038215 0.015606 0.008003 0.007803 0.062825 0.040616 0.033814 0.016407 0.033213 0.027011 0.020208 0.012205 
0.063425 0.039816 0.056423 0.041817 0.048019 0.024810 0.041417 0.010204 0.041417 0.031413 0.037615 0.040616 0.025810 0.021208 0.050220 0.032013 0.031613 0.030212 0.008403 0.005002 0.030212 0.025010 0.012005 0.006002 0.051421 0.031813 0.043417 0.017607 0.036415 0.029812 0.020808 0.014006 
0.060824 0.040016 0.055022 0.040616 0.049220 0.024610 0.039616 0.011605 0.043217 0.030812 0.037215 0.040816 0.028211 0.021208 0.047419 0.033213 0.034414 0.032213 0.009804 0.004802 0.030012 0.024610 0.009604 0.006403 0.054022 0.032013 0.040016 0.019008 0.034214 0.030812 0.019808 0.014606 
0.068627 0.046819 0.046218 0.052821 0.057023 0.030012 0.040016 0.008403 0.036214 0.024210 0.036014 0.044818 0.022809 0.023409 0.052021 0.036615 0.027411 0.030812 0.009204 0.005202 0.027411 0.023409 0.006202 0.004602 0.052621 0.034214 0.039616 0.016206 0.041417 0.024610 0.017807 0.013205 
0.069628 0.045418 0.053221 0.050420 0.056423 0.030812 0.040816 0.005802 0.044418 0.023009 0.037415 0.044418 0.022009 0.023409 0.050220 0.031613 0.025410 0.028611 0.007803 0.004802 0.034614 0.020008 0.005202 0.003001 0.062225 0.039216 0.033213 0.014406 0.036615 0.026611 0.017607 0.011605 
0.053021 0.034814 0.047619 0.036214 0.053021 0.025610 0.039416 0.018207 0.039416 0.028611 0.043617 0.033814 0.027811 0.023810 0.045018 0.038816 0.031613 0.027011 0.010804 0.008804 0.036214 0.021008 0.011805 0.014406 0.043818 0.035814 0.041417 0.019408 0.030012 0.037615 0.026811 0.014606 
0.055622 0.040816 0.052221 0.038816 0.053822 0.022809 0.037615 0.013205 0.039016 0.033814 0.046619 0.039216 0.025610 0.020008 0.048019 0.032813 0.032213 0.030412 0.010404 0.006803 0.028812 0.022609 0.010604 0.010604 0.050620 0.028812 0.045218 0.019608 0.033213 0.030212 0.025010 0.014806 
0.058223 0.039016 0.053621 0.040416 0.052621 0.024410 0.038015 0.012005 0.042817 0.031012 0.042817 0.040416 0.027411 0.022009 0.046619 0.032213 0.034214 0.030812 0.009204 0.005202 0.031813 0.021409 0.008804 0.006803 0.052021 0.034214 0.040016 0.019008 0.034214 0.032413 0.021609 0.014606 
0.062225 0.038615 0.056423 0.042017 0.048619 0.025810 0.039816 0.010804 0.040016 0.030612 0.037415 0.041216 0.028011 0.020608 0.049420 0.032813 0.033413 0.032813 0.009004 0.004802 0.030412 0.023810 0.009404 0.007003 0.053221 0.030812 0.042017 0.018607 0.034414 0.029612 0.022409 0.013806 
0.062625 0.040016 0.058623 0.040016 0.051621 0.025210 0.037215 0.011405 0.038215 0.031012 0.037815 0.038015 0.028411 0.021409 0.052821 0.034414 0.033814 0.032013 0.007603 0.004802 0.026411 0.024810 0.009804 0.006403 0.051220 0.030612 0.043818 0.019408 0.034814 0.031613 0.020408 0.013605 
0.064426 0.044618 0.054822 0.045418 0.058023 0.030012 0.039616 0.009804 0.047419 0.024810 0.041016 0.037415 0.025610 0.021809 0.051020 0.030812 0.025810 0.028611 0.006403 0.005002 0.037015 0.016206 0.004802 0.006002 0.063625 0.042017 0.034614 0.014206 0.030212 0.027611 0.020008 0.011204 
0.048019 0.038415 0.044818 0.037615 0.055622 0.026210 0.041617 0.015406 0.038615 0.028211 0.048019 0.032813 0.029012 0.022009 0.044418 0.040816 0.034814 0.028011 0.010404 0.008003 0.032213 0.020808 0.010204 0.011805 0.045818 0.033814 0.045018 0.017207 0.030612 0.039416 0.025610 0.014606 
0.053221 0.039616 0.042817 0.042417 0.054022 0.031413 0.039616 0.015806 0.037815 0.023009 0.042817 0.035614 0.030812 0.026010 0.046419 0.034014 0.035014 0.032213 0.010404 0.006603 0.035414 0.019208 0.006603 0.008203 0.046419 0.042817 0.037415 0.018607 0.032013 0.034614 0.024210 0.014806 
0.050820 0.039416 0.043017 0.043617 0.054422 0.028611 0.039816 0.014806 0.035414 0.026411 0.040416 0.036615 0.031212 0.025410 0.048219 0.031413 0.036615 0.030612 0.010404 0.008203 0.033213 0.019808 0.010004 0.009804 0.046819 0.040216 0.037415 0.019608 0.030812 0.034214 0.026611 0.016006 
0.051020 0.039216 0.043818 0.042617 0.055422 0.028211 0.038615 0.015206 0.039216 0.025010 0.041216 0.036615 0.032013 0.025010 0.050420 0.034014 0.033013 0.030212 0.011004 0.007603 0.036815 0.020008 0.008203 0.008603 0.045018 0.038215 0.037215 0.019008 0.030212 0.035814 0.025810 0.015606 
0.060824 0.045418 0.052221 0.044818 0.056022 0.029612 0.042217 0.008003 0.047819 0.023209 0.047619 0.038615 0.026811 0.021609 0.045418 0.029012 0.028211 0.029412 0.005802 0.003802 0.042217 0.014006 0.003802 0.005202 0.064826 0.039816 0.034614 0.013806 0.032213 0.030212 0.021409 0.011405 
0.061625 0.038615 0.059024 0.039416 0.051220 0.025010 0.036815 0.010804 0.041617 0.030812 0.039416 0.042417 0.025810 0.021409 0.049820 0.033613 0.031613 0.031012 0.008403 0.005602 0.029412 0.026010 0.009404 0.006603 0.052021 0.031012 0.042617 0.018607 0.035214 0.029612 0.021008 0.014406 
0.056222 0.038015 0.049220 0.041617 0.054422 0.025410 0.040216 0.012205 0.038615 0.030012 0.045218 0.037215 0.025810 0.021809 0.046619 0.037415 0.032813 0.031212 0.010204 0.006403 0.029012 0.021409 0.009004 0.010404 0.050220 0.032613 0.042417 0.019008 0.032013 0.034014 0.024210 0.015006 
0.048019 0.035814 0.045018 0.038015 0.056423 0.027411 0.037815 0.016607 0.038215 0.031212 0.047219 0.035214 0.028011 0.023209 0.045818 0.040216 0.034014 0.028411 0.010004 0.008203 0.031413 0.021008 0.010204 0.012605 0.044418 0.035614 0.043617 0.018207 0.028611 0.038816 0.026411 0.014206 
0.062025 0.037615 0.056022 0.042217 0.049420 0.025010 0.039616 0.011004 0.038615 0.029412 0.036815 0.041817 0.029012 0.021609 0.048419 0.033013 0.034414 0.032013 0.009204 0.004602 0.030812 0.024610 0.009404 0.007203 0.052021 0.031813 0.041417 0.019408 0.035414 0.029612 0.022609 0.013806 
0.063425 0.046419 0.054622 0.046419 0.053822 0.030412 0.042017 0.008804 0.045818 0.024610 0.042617 0.039616 0.024610 0.021008 0.049020 0.028411 0.027811 0.030412 0.005802 0.004802 0.039216 0.013806 0.004002 0.004402 0.065226 0.039416 0.034214 0.014606 0.033213 0.029412 0.020808 0.011204 
0.066827 0.047219 0.054822 0.049820 0.058223 0.029212 0.037615 0.007003 0.044818 0.025410 0.039416 0.044018 0.023409 0.022009 0.052621 0.029212 0.026611 0.029212 0.007603 0.003601 0.032413 0.018207 0.005402 0.004402 0.064026 0.038015 0.033613 0.013405 0.035014 0.026811 0.017807 0.012205 
0.067427 0.047819 0.052821 0.047619 0.059624 0.029412 0.040416 0.007003 0.048219 0.022409 0.041417 0.040216 0.024810 0.020808 0.050420 0.032413 0.026010 0.027411 0.005802 0.005002 0.037215 0.015406 0.004402 0.004802 0.064826 0.037215 0.033413 0.011605 0.033013 0.029812 0.019008 0.012205 
0.063625 0.044418 0.044618 0.053421 0.052621 0.031413 0.039016 0.013205 0.028611 0.022209 0.035014 0.046018 0.025010 0.024410 0.049220 0.039216 0.028812 0.030212 0.008003 0.008203 0.026411 0.026010 0.009004 0.004402 0.049020 0.031613 0.041617 0.017007 0.044418 0.027811 0.021008 0.014406 
0.056823 0.044418 0.049220 0.046619 0.058824 0.028211 0.042417 0.009004 0.042217 0.022809 0.048619 0.041216 0.026811 0.022009 0.047219 0.030412 0.029412 0.027411 0.005802 0.003401 0.038215 0.018207 0.004602 0.005002 0.059824 0.040616 0.039016 0.012805 0.033613 0.030412 0.023009 0.011805 
0.063826 0.046819 0.056222 0.046619 0.056222 0.031413 0.041617 0.008203 0.043017 0.023810 0.043417 0.038816 0.023209 0.020408 0.051821 0.029012 0.025410 0.031012 0.006202 0.004602 0.037815 0.014006 0.004802 0.005202 0.065226 0.042417 0.032613 0.013205 0.032613 0.029812 0.019208 0.011405 
0.047219 0.037015 0.046018 0.038215 0.055222 0.026611 0.041617 0.016407 0.039016 0.028011 0.045018 0.032213 0.027611 0.022809 0.045418 0.040416 0.033613 0.029812 0.011004 0.007803 0.031012 0.021208 0.013205 0.011805 0.045618 0.035214 0.042417 0.019008 0.030412 0.037015 0.027211 0.014806 
0.068227 0.047219 0.046419 0.051421 0.057023 0.029812 0.038816 0.008804 0.037015 0.024610 0.034614 0.046218 0.025410 0.022809 0.051020 0.033413 0.027811 0.028812 0.008203 0.006403 0.028812 0.025210 0.008203 0.006603 0.053621 0.035814 0.037215 0.016407 0.040416 0.023810 0.018007 0.011805 
0.058623 0.045618 0.054822 0.045218 0.055422 0.031413 0.039616 0.008603 0.045618 0.024010 0.044018 0.038015 0.024610 0.023409 0.049620 0.029412 0.025410 0.029212 0.007603 0.005202 0.041016 0.014006 0.007203 0.006202 0.063225 0.039216 0.032613 0.013806 0.032813 0.031212 0.020808 0.012405 
0.048019 0.040016 0.039816 0.042217 0.053421 0.028411 0.039216 0.017007 0.040016 0.028812 0.040616 0.036014 0.029612 0.027211 0.046218 0.032813 0.033814 0.028011 0.011004 0.010404 0.035014 0.021008 0.010204 0.010404 0.046419 0.038615 0.038816 0.021008 0.029412 0.033413 0.026811 0.016206 
0.047819 0.037215 0.046419 0.038215 0.055022 0.025210 0.041417 0.015206 0.039216 0.029612 0.048619 0.033613 0.027011 0.021809 0.044618 0.040616 0.033613 0.030612 0.009204 0.007403 0.031813 0.020208 0.010604 0.012005 0.046819 0.033413 0.042617 0.019208 0.030412 0.039216 0.025810 0.015406 
0.050420 0.040216 0.040816 0.039616 0.052421 0.025210 0.041216 0.016206 0.040616 0.027411 0.043617 0.037815 0.031212 0.023409 0.045418 0.032813 0.035414 0.028812 0.010404 0.009004 0.037215 0.021208 0.009404 0.011004 0.045418 0.038015 0.037015 0.018207 0.029812 0.038816 0.024010 0.017807 
0.068027 0.043617 0.048419 0.053021 0.057623 0.029812 0.039216 0.006603 0.036415 0.024610 0.035414 0.046218 0.024010 0.024810 0.051621 0.034214 0.027611 0.029412 0.008804 0.005602 0.029012 0.024610 0.005602 0.005002 0.055222 0.038215 0.036214 0.016607 0.038215 0.025610 0.017207 0.013405 
0.060624 0.044818 0.053221 0.044218 0.056222 0.028611 0.039616 0.010604 0.047619 0.025210 0.045618 0.039216 0.026210 0.022209 0.048619 0.027811 0.027011 0.027011 0.006202 0.004802 0.041216 0.014606 0.005202 0.006202 0.061425 0.039216 0.037415 0.013405 0.032213 0.028411 0.023209 0.012005 
0.057823 0.038215 0.050820 0.043017 0.051421 0.022809 0.039016 0.012605 0.039816 0.033213 0.044618 0.040016 0.027211 0.022009 0.044218 0.034014 0.032813 0.028611 0.010604 0.005602 0.028611 0.023609 0.010204 0.008403 0.055222 0.030812 0.043417 0.018607 0.032613 0.032413 0.022809 0.014806 
0.068427 0.045818 0.053621 0.047619 0.054822 0.029012 0.039816 0.009004 0.044618 0.024010 0.037815 0.040416 0.024810 0.023209 0.048820 0.029012 0.025610 0.030812 0.009804 0.004602 0.036014 0.019008 0.007203 0.004802 0.061425 0.040016 0.034014 0.016006 0.036815 0.021609 0.017807 0.013605 
0.054622 0.043217 0.045218 0.046018 0.054622 0.029012 0.041817 0.010204 0.040416 0.026411 0.046018 0.039016 0.031212 0.022209 0.048219 0.031613 0.030812 0.027411 0.008403 0.005202 0.039416 0.018207 0.007203 0.006202 0.053221 0.039416 0.038615 0.014206 0.033013 0.036014 0.021409 0.011405 
0.063625 0.046419 0.056823 0.045818 0.058423 0.028011 0.040416 0.009804 0.044018 0.022609 0.045418 0.038615 0.023409 0.021208 0.051421 0.028611 0.025210 0.027811 0.006202 0.004602 0.038816 0.013806 0.004402 0.005202 0.065026 0.039016 0.034614 0.014006 0.032613 0.029812 0.022609 0.011605 
0.062625 0.042217 0.055822 0.043617 0.051220 0.025010 0.039216 0.013005 0.034814 0.026611 0.034414 0.039016 0.030612 0.020608 0.056423 0.033814 0.033613 0.032613 0.006002 0.005202 0.027411 0.024610 0.009404 0.006803 0.046619 0.033613 0.041417 0.018607 0.038415 0.033013 0.018808 0.014806 
0.065026 0.046419 0.056222 0.045618 0.059824 0.030412 0.041216 0.006803 0.046419 0.022609 0.042017 0.038215 0.023609 0.021208 0.053421 0.030612 0.026210 0.029212 0.007203 0.004402 0.038015 0.014206 0.003001 0.004202 0.063225 0.043217 0.032813 0.012405 0.031613 0.030412 0.018007 0.012205 
0.058423 0.040016 0.053621 0.041216 0.052221 0.023810 0.039816 0.013005 0.043617 0.030412 0.039616 0.040416 0.026811 0.021008 0.047219 0.034414 0.034014 0.030812 0.009004 0.005202 0.029812 0.023009 0.007803 0.006803 0.053421 0.033613 0.041417 0.019008 0.034414 0.031012 0.020808 0.014206 
0.062225 0.044818 0.053021 0.046218 0.060424 0.027811 0.039216 0.007803 0.048219 0.024610 0.039816 0.040616 0.026210 0.021208 0.051821 0.033613 0.025810 0.027811 0.007403 0.006202 0.038015 0.017207 0.004802 0.006002 0.059824 0.037415 0.032413 0.015606 0.032213 0.030412 0.019408 0.011805 
0.060824 0.039816 0.055622 0.041617 0.052021 0.026010 0.037415 0.009204 0.040416 0.032013 0.038015 0.040416 0.027811 0.023009 0.052021 0.033013 0.033213 0.032413 0.008203 0.005802 0.029812 0.024010 0.009004 0.004402 0.049820 0.031212 0.041016 0.021409 0.035214 0.030612 0.020608 0.014006 
0.048019 0.039616 0.043818 0.036615 0.055422 0.026611 0.044218 0.015806 0.039616 0.029412 0.048219 0.033013 0.026811 0.019808 0.045018 0.042417 0.033413 0.031012 0.009604 0.008203 0.033413 0.020408 0.010204 0.009004 0.045218 0.033413 0.045418 0.017807 0.029812 0.037215 0.026811 0.014606 
0.055622 0.046419 0.044418 0.046619 0.057823 0.028211 0.042617 0.009604 0.039816 0.024210 0.048419 0.040216 0.028611 0.022009 0.047419 0.030212 0.032213 0.027011 0.007403 0.004802 0.036615 0.018007 0.004802 0.006002 0.056823 0.037415 0.040216 0.014606 0.033413 0.033213 0.024210 0.011004 
0.051220 0.038415 0.046218 0.039616 0.053421 0.027411 0.040216 0.016006 0.037215 0.029612 0.044618 0.034614 0.026611 0.023409 0.045218 0.040016 0.034414 0.030212 0.011004 0.007203 0.029812 0.020808 0.009204 0.012005 0.047019 0.033613 0.044218 0.019208 0.032013 0.036415 0.024810 0.014206 
0.049420 0.034614 0.046218 0.037015 0.053021 0.026611 0.042217 0.016607 0.036415 0.029812 0.045618 0.034014 0.027611 0.022209 0.043818 0.041817 0.034414 0.030812 0.010404 0.007803 0.033213 0.021409 0.010804 0.012005 0.043818 0.035214 0.044218 0.019008 0.030212 0.037615 0.026811 0.015206 
0.056423 0.045218 0.045618 0.046018 0.059224 0.028211 0.042017 0.009404 0.040416 0.023810 0.050220 0.039616 0.028211 0.021809 0.048619 0.031813 0.031212 0.027611 0.006202 0.004002 0.036615 0.017807 0.003802 0.006002 0.055422 0.038816 0.040616 0.013405 0.032613 0.034414 0.023009 0.011805 
0.064026 0.041016 0.052821 0.046218 0.049220 0.025210 0.037615 0.014606 0.032613 0.026611 0.032813 0.038816 0.035614 0.021409 0.054022 0.032413 0.032613 0.031813 0.005802 0.005402 0.030412 0.024210 0.012005 0.009404 0.044618 0.034814 0.040416 0.019408 0.041417 0.030412 0.018407 0.013806 
0.063625 0.041617 0.059824 0.042017 0.052621 0.024810 0.036615 0.009404 0.036415 0.028211 0.037215 0.041216 0.027011 0.021609 0.055422 0.033013 0.032813 0.032813 0.008203 0.005202 0.026210 0.025410 0.008203 0.006002 0.050220 0.029612 0.040816 0.020008 0.037815 0.032213 0.019008 0.014806 
0.061224 0.041617 0.056623 0.044818 0.050420 0.025210 0.038215 0.013806 0.031813 0.026210 0.034614 0.038015 0.034014 0.020808 0.056423 0.032813 0.034414 0.032813 0.004202 0.004602 0.028011 0.023810 0.010004 0.008003 0.046218 0.034014 0.042817 0.018607 0.040416 0.032013 0.019008 0.014406 
0.065026 0.038615 0.058824 0.038615 0.050820 0.025210 0.035614 0.010204 0.042017 0.031613 0.039816 0.039816 0.027811 0.021008 0.050020 0.031813 0.032813 0.031813 0.007603 0.005802 0.028211 0.024610 0.012205 0.007403 0.050420 0.031012 0.040616 0.019408 0.035614 0.031212 0.020408 0.014006 
0.053621 0.037615 0.044018 0.038015 0.054022 0.028611 0.040216 0.014206 0.033613 0.032013 0.046419 0.033413 0.026210 0.025010 0.046218 0.040016 0.034014 0.029012 0.010604 0.007603 0.031413 0.021409 0.011805 0.011605 0.043617 0.032613 0.046619 0.018407 0.029812 0.037015 0.026811 0.014406 
0.061625 0.045218 0.053621 0.042617 0.053621 0.030412 0.038816 0.012205 0.048019 0.028411 0.036815 0.037215 0.024610 0.023209 0.052821 0.030612 0.025210 0.029012 0.010804 0.006202 0.038415 0.017607 0.007603 0.006403 0.058623 0.038215 0.037815 0.014406 0.030212 0.025010 0.021008 0.013605 
0.052821 0.041417 0.040616 0.042417 0.055622 0.030412 0.040416 0.016206 0.035414 0.023409 0.041817 0.035214 0.030012 0.026811 0.047819 0.034014 0.034414 0.030412 0.010204 0.007603 0.035614 0.020008 0.007603 0.009004 0.047419 0.041617 0.037415 0.018407 0.029412 0.034614 0.025810 0.016006 
0.056022 0.039616 0.056823 0.042817 0.047219 0.022809 0.034614 0.015206 0.029612 0.026411 0.036415 0.039616 0.035214 0.024610 0.053221 0.029812 0.035414 0.032213 0.007203 0.005802 0.029012 0.026811 0.012205 0.009204 0.044018 0.030612 0.040616 0.022809 0.042217 0.035014 0.019808 0.017007 
0.054222 0.040016 0.041617 0.042417 0.054622 0.028812 0.038015 0.015606 0.039216 0.025010 0.041817 0.035414 0.031413 0.026611 0.047219 0.034814 0.033013 0.030612 0.011605 0.008203 0.035614 0.020408 0.007803 0.008804 0.045618 0.038415 0.037615 0.019608 0.031012 0.034014 0.023810 0.017007 
0.057423 0.040016 0.051621 0.038615 0.049420 0.027211 0.038816 0.014006 0.040216 0.030612 0.040816 0.039816 0.025610 0.021809 0.044018 0.033213 0.031012 0.031413 0.012005 0.008804 0.032613 0.024010 0.014006 0.007603 0.052221 0.032213 0.038215 0.020608 0.034014 0.029812 0.024010 0.014206 
0.052021 0.040816 0.043417 0.043818 0.056823 0.031212 0.040616 0.011805 0.037215 0.024210 0.044418 0.038215 0.028011 0.026811 0.047219 0.033613 0.032213 0.030812 0.008603 0.006803 0.038215 0.019408 0.006803 0.007003 0.049420 0.042017 0.037215 0.017007 0.031413 0.032613 0.024210 0.016006 
0.054222 0.043617 0.045618 0.045818 0.058423 0.030212 0.040816 0.010404 0.038615 0.022009 0.045418 0.038816 0.031012 0.023609 0.049620 0.032013 0.032413 0.029212 0.008003 0.004402 0.038215 0.018007 0.004802 0.006002 0.052621 0.040616 0.038415 0.014406 0.032813 0.033613 0.023609 0.012605 
0.048619 0.039416 0.044418 0.037615 0.057223 0.029012 0.039216 0.014006 0.037015 0.028411 0.049020 0.034214 0.028812 0.022609 0.046218 0.041016 0.034414 0.030812 0.010204 0.007603 0.031413 0.021208 0.008003 0.010804 0.046018 0.034014 0.044418 0.017207 0.029212 0.038215 0.025010 0.014606 
0.047619 0.037815 0.044618 0.037615 0.055822 0.027011 0.040816 0.015406 0.038816 0.029012 0.051020 0.032613 0.028411 0.021809 0.045218 0.041016 0.033814 0.029212 0.009204 0.008203 0.032013 0.020208 0.008603 0.010604 0.045218 0.035614 0.045418 0.017007 0.029612 0.040616 0.024810 0.015206 
0.061625 0.039416 0.056423 0.040416 0.048019 0.026010 0.038615 0.010604 0.040816 0.029612 0.038415 0.041216 0.029012 0.022409 0.047819 0.031413 0.033213 0.031613 0.008804 0.005002 0.032813 0.024610 0.010004 0.007203 0.053221 0.030812 0.040816 0.019008 0.035214 0.030212 0.021609 0.014006 
0.056823 0.036415 0.046419 0.039016 0.050620 0.022409 0.039016 0.015406 0.037815 0.034014 0.043017 0.036615 0.027211 0.022009 0.044818 0.037815 0.031813 0.030012 0.012405 0.009204 0.033013 0.021208 0.013205 0.013806 0.043417 0.028411 0.043217 0.020608 0.033613 0.033613 0.024810 0.018207 
0.065626 0.042417 0.043217 0.053822 0.051821 0.030812 0.039216 0.013205 0.029012 0.022609 0.034414 0.046218 0.025610 0.023609 0.047419 0.038415 0.029012 0.031012 0.010404 0.009204 0.025810 0.026010 0.010204 0.005402 0.047819 0.032613 0.040016 0.018007 0.044218 0.026411 0.021409 0.015006 
0.058023 0.042017 0.045618 0.048219 0.055622 0.028211 0.042017 0.010004 0.041216 0.024010 0.045618 0.040016 0.027811 0.024810 0.046619 0.031413 0.030012 0.027211 0.007603 0.004802 0.039616 0.016807 0.005402 0.006202 0.056222 0.038015 0.038415 0.014606 0.033013 0.032413 0.024410 0.014006 
0.048019 0.037615 0.044418 0.038415 0.055222 0.027411 0.041216 0.014406 0.038215 0.027811 0.049020 0.034814 0.029412 0.021008 0.046419 0.041216 0.034414 0.030212 0.009804 0.007603 0.033613 0.020008 0.008403 0.010804 0.044418 0.033013 0.044418 0.016407 0.029612 0.041216 0.026411 0.015006 
0.063625 0.044818 0.055622 0.046018 0.058623 0.030212 0.039616 0.007403 0.045218 0.024810 0.042017 0.040416 0.024610 0.021008 0.053621 0.029812 0.026611 0.029812 0.005602 0.004602 0.038015 0.015006 0.004402 0.005602 0.060824 0.042617 0.033213 0.012405 0.032013 0.030412 0.018607 0.012805 
0.060024 0.040216 0.052621 0.040816 0.051220 0.024210 0.040616 0.012005 0.043617 0.031813 0.040816 0.041617 0.024410 0.020608 0.045618 0.034414 0.030412 0.031212 0.010204 0.006603 0.031613 0.024410 0.011204 0.005402 0.052221 0.033213 0.039016 0.020208 0.035614 0.029812 0.020208 0.014006 
0.050820 0.038215 0.043617 0.038615 0.055422 0.025810 0.039216 0.015606 0.038415 0.030412 0.046819 0.036014 0.027811 0.023009 0.044418 0.040616 0.034414 0.029812 0.010004 0.007403 0.031413 0.021609 0.009204 0.012805 0.045018 0.032013 0.043417 0.019408 0.030812 0.037615 0.025210 0.015006 
0.063025 0.045618 0.055222 0.045418 0.056022 0.030212 0.042417 0.008804 0.043417 0.022409 0.046218 0.038615 0.023409 0.021409 0.050020 0.028611 0.026811 0.029212 0.005802 0.004202 0.041016 0.012805 0.004002 0.005002 0.062625 0.041016 0.034614 0.013605 0.033613 0.031813 0.022009 0.011004 
0.050020 0.037815 0.045018 0.040416 0.051020 0.027211 0.040016 0.016006 0.039416 0.028011 0.040016 0.037215 0.031212 0.024410 0.047019 0.032213 0.033213 0.030212 0.010604 0.009004 0.036615 0.022609 0.012405 0.010204 0.045018 0.037415 0.037815 0.021008 0.031212 0.033613 0.026611 0.015406 
0.067427 0.046018 0.048820 0.052621 0.057023 0.029612 0.041016 0.007203 0.038415 0.024210 0.035814 0.044218 0.023810 0.022809 0.050220 0.035214 0.026811 0.029012 0.007803 0.006603 0.029412 0.023009 0.006403 0.004602 0.057423 0.036615 0.037015 0.016607 0.040016 0.025010 0.017007 0.012205 
0.062825 0.046218 0.054422 0.046419 0.058223 0.031413 0.040816 0.006403 0.045018 0.024010 0.042817 0.041216 0.024010 0.020608 0.050620 0.029412 0.027611 0.030412 0.006002 0.005202 0.038415 0.014206 0.003201 0.006002 0.063225 0.041016 0.033814 0.013605 0.033413 0.028011 0.020208 0.011204 
0.069828 0.044218 0.055822 0.049420 0.055422 0.029012 0.040216 0.006803 0.045218 0.022609 0.039216 0.043217 0.024410 0.021809 0.051621 0.030812 0.024810 0.030212 0.006002 0.003401 0.036014 0.019408 0.004802 0.004202 0.063826 0.037415 0.033013 0.014206 0.034214 0.027611 0.019008 0.012205 
0.059424 0.040416 0.056823 0.044218 0.046018 0.024810 0.033613 0.016206 0.031212 0.026611 0.035414 0.036214 0.032413 0.025610 0.056022 0.028011 0.033013 0.032613 0.010404 0.005802 0.027611 0.023009 0.014206 0.009404 0.042017 0.032413 0.039816 0.023009 0.043617 0.034014 0.019808 0.016206 
0.057223 0.039416 0.051621 0.041216 0.051621 0.021809 0.038615 0.012805 0.039416 0.033613 0.045018 0.041216 0.027011 0.021409 0.043818 0.033013 0.033213 0.029812 0.010404 0.005402 0.030212 0.023609 0.009604 0.009404 0.055622 0.029412 0.042417 0.020008 0.033013 0.031212 0.023009 0.014806 
0.058023 0.038615 0.049820 0.040816 0.051821 0.023609 0.039216 0.013005 0.040216 0.031813 0.042217 0.038215 0.025610 0.024210 0.044818 0.033013 0.032613 0.030212 0.013405 0.006603 0.030412 0.023409 0.012805 0.006803 0.051821 0.032013 0.040216 0.021008 0.032813 0.030412 0.024010 0.016407 
0.070028 0.042817 0.060024 0.038816 0.053822 0.030412 0.034614 0.009804 0.042817 0.031413 0.042217 0.040016 0.021809 0.023609 0.047219 0.029812 0.028411 0.033013 0.010204 0.003201 0.036615 0.016206 0.006202 0.006002 0.058824 0.035014 0.037815 0.020208 0.035614 0.023009 0.021208 0.009204 
0.055422 0.038015 0.048820 0.035014 0.057823 0.028411 0.034214 0.014806 0.045418 0.026611 0.049820 0.036415 0.031212 0.023009 0.043217 0.037815 0.028812 0.029212 0.011004 0.005202 0.038415 0.022609 0.010804 0.008403 0.053021 0.036415 0.037615 0.012805 0.025410 0.035014 0.023009 0.016206 
0.068427 0.049020 0.050020 0.044018 0.059424 0.029612 0.043617 0.011004 0.042217 0.025610 0.035814 0.038015 0.025610 0.020808 0.048019 0.033213 0.028211 0.027811 0.007003 0.005002 0.040016 0.015806 0.007403 0.005802 0.064026 0.044218 0.032013 0.012405 0.031212 0.026010 0.017207 0.011405 
0.055622 0.038215 0.052421 0.035214 0.064426 0.027211 0.037415 0.011204 0.043818 0.025610 0.051421 0.033413 0.028611 0.023009 0.046419 0.039616 0.029412 0.027811 0.008804 0.004802 0.036815 0.021008 0.006803 0.006002 0.053221 0.038615 0.042417 0.014206 0.026411 0.032013 0.023810 0.014206 
0.062225 0.048820 0.045018 0.053421 0.056222 0.029412 0.044218 0.007603 0.036815 0.025010 0.034814 0.043818 0.025410 0.022609 0.050420 0.036615 0.028011 0.031212 0.008203 0.004602 0.031012 0.023609 0.005202 0.005402 0.057823 0.036214 0.038615 0.015806 0.039016 0.023810 0.015806 0.013205 
0.073029 0.043217 0.062225 0.039416 0.051621 0.028411 0.036615 0.008804 0.038615 0.028812 0.034814 0.041016 0.022209 0.023609 0.052821 0.034214 0.032213 0.031012 0.008603 0.003401 0.033613 0.018207 0.005202 0.007003 0.054222 0.028812 0.040416 0.017407 0.037815 0.031012 0.019408 0.012205 
0.064826 0.047419 0.050620 0.044818 0.056823 0.029012 0.041617 0.013005 0.045218 0.027211 0.039016 0.039016 0.025010 0.022209 0.047219 0.031413 0.027811 0.026010 0.007403 0.003401 0.038215 0.017007 0.007803 0.005402 0.065426 0.041216 0.035414 0.012605 0.030212 0.027211 0.020408 0.010004 
0.058423 0.039016 0.051621 0.035614 0.064026 0.027811 0.035814 0.011004 0.043617 0.028211 0.049420 0.037615 0.027811 0.023009 0.046419 0.034614 0.031613 0.026811 0.008403 0.004802 0.035614 0.021409 0.008003 0.006603 0.052221 0.039816 0.040816 0.015606 0.027611 0.030412 0.025010 0.011204 
0.067227 0.042417 0.057823 0.041016 0.048619 0.026411 0.037215 0.012205 0.040416 0.030812 0.038816 0.040216 0.025210 0.023609 0.046419 0.028411 0.028611 0.029612 0.011605 0.003802 0.038615 0.018007 0.010604 0.009004 0.058223 0.030412 0.037815 0.020208 0.036815 0.026210 0.023209 0.010404 
0.067827 0.049420 0.049820 0.045018 0.057623 0.028611 0.043417 0.013005 0.046819 0.023810 0.039616 0.037415 0.025810 0.020608 0.046419 0.031413 0.026411 0.026411 0.006202 0.004402 0.039416 0.016206 0.006403 0.005402 0.067427 0.043617 0.033013 0.011805 0.030412 0.027011 0.018207 0.011004 
0.062425 0.045418 0.043217 0.043217 0.056423 0.030012 0.042217 0.011805 0.039616 0.027811 0.046218 0.037015 0.030412 0.021208 0.047619 0.032013 0.031212 0.031813 0.007203 0.002601 0.038615 0.017807 0.007403 0.005002 0.053822 0.042417 0.038816 0.013405 0.030212 0.030012 0.020808 0.012205 
0.066827 0.049020 0.052421 0.045018 0.059224 0.030812 0.043818 0.010804 0.043017 0.024010 0.040016 0.039016 0.023409 0.020808 0.048219 0.032413 0.027211 0.028411 0.005602 0.002801 0.040016 0.014806 0.005402 0.004202 0.066627 0.044018 0.033213 0.011805 0.031413 0.027011 0.019208 0.009404 
0.062025 0.044818 0.042417 0.053822 0.050420 0.030212 0.039616 0.011805 0.029412 0.024210 0.035414 0.041016 0.026010 0.025410 0.050820 0.038816 0.028011 0.033413 0.010004 0.008003 0.024810 0.025410 0.011405 0.008003 0.047219 0.028611 0.041417 0.018808 0.043217 0.027811 0.019808 0.017807 
0.066226 0.047619 0.046018 0.043417 0.059424 0.030412 0.043217 0.009804 0.041016 0.024010 0.046619 0.036415 0.027011 0.020408 0.050420 0.031212 0.029812 0.030212 0.007003 0.003401 0.036615 0.017207 0.005402 0.004202 0.057023 0.043217 0.038816 0.011004 0.029612 0.029812 0.020808 0.012605 
0.065426 0.048419 0.047819 0.053221 0.055222 0.028611 0.045618 0.007403 0.037815 0.025410 0.033814 0.043217 0.025010 0.022009 0.050620 0.033814 0.027011 0.028812 0.008003 0.004202 0.034814 0.020808 0.006403 0.005202 0.061224 0.037815 0.037015 0.014006 0.037615 0.024410 0.016807 0.012405 
0.057823 0.044618 0.042417 0.044218 0.059824 0.029412 0.042817 0.012005 0.042017 0.025010 0.041617 0.037815 0.032613 0.020608 0.049620 0.034614 0.031212 0.029412 0.009404 0.004002 0.040016 0.018407 0.006603 0.005002 0.054222 0.042217 0.035814 0.013205 0.027411 0.032013 0.022609 0.011405 
0.059224 0.042817 0.043818 0.045618 0.061425 0.031212 0.043017 0.009204 0.038415 0.025410 0.042417 0.036815 0.031212 0.022209 0.048619 0.034814 0.033413 0.031613 0.008603 0.004402 0.037015 0.017207 0.004602 0.003001 0.056423 0.047219 0.034214 0.014006 0.027211 0.032013 0.019808 0.013005 
0.066627 0.044618 0.051421 0.044818 0.057623 0.031413 0.042217 0.010404 0.040016 0.023609 0.044218 0.040016 0.024810 0.020808 0.047219 0.030612 0.027611 0.029212 0.005802 0.003401 0.039616 0.015806 0.007003 0.006403 0.061425 0.046419 0.033613 0.011004 0.032213 0.029012 0.020008 0.011004 
0.065426 0.048219 0.051621 0.050220 0.054822 0.027811 0.043818 0.009004 0.042817 0.024410 0.035214 0.042417 0.025410 0.022409 0.047219 0.032213 0.027811 0.028011 0.006202 0.004002 0.037615 0.018407 0.005602 0.005202 0.066627 0.037015 0.034414 0.014806 0.036214 0.025210 0.018007 0.011805 
0.059824 0.049220 0.046619 0.051421 0.057223 0.029812 0.044618 0.008603 0.034614 0.025210 0.032013 0.042817 0.023810 0.024210 0.049620 0.037615 0.028211 0.030612 0.008003 0.005202 0.033613 0.022209 0.007003 0.006803 0.058623 0.036615 0.036815 0.016607 0.039016 0.023009 0.016807 0.013605 
0.064226 0.043417 0.056222 0.042617 0.052821 0.024410 0.038816 0.012005 0.033613 0.028611 0.034814 0.038415 0.027211 0.022009 0.056222 0.033213 0.033613 0.032013 0.005602 0.005602 0.030412 0.019808 0.008403 0.010404 0.047819 0.031212 0.038816 0.021008 0.038215 0.034214 0.020008 0.014206 
0.066226 0.047019 0.047819 0.052621 0.054622 0.031413 0.043017 0.007003 0.041216 0.024210 0.034014 0.045018 0.024810 0.022409 0.048619 0.033814 0.029212 0.031212 0.007803 0.003802 0.033814 0.019808 0.005802 0.005002 0.061825 0.038816 0.033613 0.013005 0.037015 0.026010 0.016407 0.013005 
0.055222 0.042017 0.051020 0.038415 0.059024 0.027811 0.038816 0.014606 0.043818 0.026611 0.049020 0.035014 0.027811 0.022009 0.046619 0.033413 0.028211 0.025810 0.009604 0.005602 0.037415 0.019408 0.008203 0.006803 0.056222 0.041216 0.041417 0.013605 0.028611 0.031012 0.023609 0.012005 
0.069628 0.043217 0.063826 0.036815 0.055422 0.027211 0.038215 0.007603 0.041817 0.029612 0.040816 0.039816 0.021409 0.021208 0.048219 0.031413 0.030012 0.031813 0.010404 0.004002 0.036415 0.017407 0.006002 0.005202 0.058824 0.032613 0.038816 0.020208 0.036815 0.024410 0.021208 0.009604 
0.064626 0.041817 0.061625 0.036415 0.051421 0.028211 0.037415 0.011204 0.045018 0.030012 0.038615 0.041417 0.021008 0.021809 0.045418 0.031012 0.031212 0.031012 0.012205 0.005802 0.033213 0.020808 0.007603 0.007403 0.058223 0.034414 0.039416 0.019608 0.036214 0.024210 0.021008 0.010604 
0.058824 0.041016 0.052621 0.046218 0.043818 0.023209 0.036415 0.017207 0.027611 0.027211 0.033814 0.038615 0.032213 0.025010 0.055822 0.027011 0.036415 0.031012 0.010404 0.007403 0.026811 0.022809 0.012405 0.011004 0.038816 0.030812 0.043818 0.022209 0.045018 0.034414 0.022009 0.018007 
0.071629 0.043617 0.060624 0.040616 0.053421 0.027811 0.035214 0.008203 0.038816 0.027811 0.039216 0.038215 0.024010 0.022409 0.055422 0.031813 0.031212 0.032813 0.010404 0.004602 0.028211 0.019608 0.006603 0.005802 0.053221 0.027811 0.040216 0.019808 0.036014 0.031212 0.021409 0.012205 
0.053621 0.036615 0.049620 0.036214 0.061425 0.027611 0.037615 0.011605 0.044218 0.030212 0.049820 0.035414 0.029412 0.024410 0.044418 0.035414 0.030612 0.025210 0.008203 0.005402 0.038015 0.022009 0.011004 0.006803 0.052821 0.039416 0.042617 0.015006 0.025010 0.031012 0.026811 0.012405 
0.069628 0.048820 0.050020 0.046819 0.059824 0.029612 0.045818 0.010004 0.043818 0.022809 0.038816 0.037815 0.024610 0.020408 0.048619 0.032413 0.027611 0.027811 0.005402 0.003401 0.039616 0.014606 0.004602 0.004002 0.066026 0.045418 0.033814 0.011004 0.031012 0.026010 0.018808 0.011004 
0.053221 0.041617 0.048019 0.036014 0.060424 0.029612 0.038215 0.015806 0.040816 0.030612 0.045018 0.036615 0.027411 0.021609 0.046018 0.034414 0.030212 0.030012 0.009204 0.007603 0.040016 0.017607 0.009604 0.007803 0.053822 0.044218 0.036214 0.015606 0.025810 0.028812 0.024010 0.014006 
0.057423 0.044418 0.045618 0.041016 0.061224 0.027011 0.038816 0.013405 0.039816 0.029012 0.046419 0.033013 0.031413 0.022209 0.049020 0.031413 0.032213 0.026811 0.009804 0.007203 0.036014 0.016206 0.007203 0.006202 0.054622 0.042217 0.038415 0.016607 0.027611 0.032613 0.022409 0.012605 
0.064626 0.043818 0.043217 0.053621 0.049620 0.029812 0.039416 0.012005 0.031813 0.024410 0.035414 0.042417 0.024810 0.026411 0.049220 0.039216 0.027211 0.033814 0.009404 0.006403 0.024810 0.027411 0.010404 0.007203 0.047219 0.029012 0.042817 0.019208 0.044218 0.024810 0.018607 0.017607 
0.058223 0.037415 0.056623 0.036014 0.059624 0.029212 0.035414 0.013205 0.041817 0.028211 0.048219 0.035414 0.028411 0.022009 0.047019 0.035214 0.030812 0.028611 0.008403 0.004602 0.035414 0.019008 0.007803 0.006002 0.054222 0.040216 0.043017 0.014606 0.029012 0.030012 0.024610 0.011605 
0.057423 0.039816 0.052221 0.037815 0.061825 0.027811 0.038415 0.012805 0.043617 0.027011 0.049420 0.035014 0.027411 0.022609 0.045218 0.036014 0.029612 0.025410 0.008203 0.005202 0.035414 0.020608 0.006403 0.006603 0.057423 0.041216 0.043617 0.013605 0.027211 0.029412 0.023810 0.011805 
0.070828 0.048419 0.050220 0.046419 0.059224 0.029212 0.043017 0.011004 0.042217 0.024010 0.038415 0.039616 0.024610 0.019808 0.048619 0.033613 0.027011 0.028611 0.007003 0.003802 0.038215 0.015406 0.005602 0.005202 0.065826 0.041617 0.031813 0.011805 0.030612 0.028211 0.018808 0.011204 
0.072429 0.044418 0.063826 0.039216 0.054822 0.030212 0.037215 0.007403 0.039816 0.027611 0.036815 0.041817 0.019808 0.020808 0.054622 0.033213 0.029812 0.032813 0.009604 0.003802 0.032813 0.017807 0.004602 0.005402 0.056222 0.031613 0.038615 0.017607 0.036815 0.028411 0.020408 0.009604 
0.062425 0.045018 0.046419 0.039816 0.056623 0.025610 0.041417 0.012205 0.042617 0.029612 0.045418 0.034414 0.029612 0.019808 0.051220 0.031613 0.030412 0.028812 0.010404 0.006603 0.037615 0.017407 0.006403 0.006403 0.051821 0.036815 0.040616 0.016006 0.028211 0.032813 0.022209 0.013605 
0.060624 0.042417 0.044418 0.040616 0.060224 0.026210 0.041016 0.012205 0.042017 0.031613 0.044018 0.035214 0.027611 0.021409 0.047819 0.034214 0.030212 0.030812 0.010004 0.007203 0.039216 0.015206 0.008003 0.006603 0.052421 0.041216 0.035214 0.017607 0.027411 0.029812 0.021809 0.015606 
0.054822 0.040816 0.050420 0.036615 0.058623 0.028411 0.039016 0.013205 0.042417 0.027811 0.048219 0.035014 0.027811 0.022009 0.049620 0.033013 0.030812 0.028411 0.008203 0.006403 0.035614 0.020808 0.007403 0.008003 0.052421 0.039616 0.042017 0.015806 0.025810 0.032613 0.025810 0.012405 
0.065426 0.043617 0.055622 0.044218 0.051821 0.025810 0.038615 0.011004 0.034814 0.026411 0.033613 0.040816 0.026210 0.022409 0.057223 0.032813 0.033413 0.031613 0.006803 0.005802 0.029212 0.021208 0.009004 0.007803 0.045018 0.029812 0.040416 0.019608 0.041417 0.033213 0.020808 0.014406 
0.053621 0.037815 0.051020 0.035214 0.064826 0.027411 0.036615 0.010804 0.045618 0.028812 0.053822 0.034014 0.029212 0.023209 0.044418 0.038415 0.029412 0.027811 0.008203 0.004402 0.038215 0.020208 0.006803 0.005202 0.054022 0.039416 0.043017 0.015206 0.026010 0.030412 0.024010 0.012805 
0.065226 0.050420 0.048820 0.045618 0.058223 0.030612 0.043217 0.010804 0.042017 0.025610 0.039216 0.039816 0.026611 0.020808 0.048619 0.031813 0.028211 0.028011 0.005402 0.003601 0.041016 0.015606 0.005802 0.004202 0.065026 0.042817 0.034014 0.011004 0.031413 0.027611 0.018007 0.010804 
0.061224 0.045618 0.047019 0.043617 0.058423 0.031012 0.038415 0.013605 0.037215 0.023409 0.044018 0.034214 0.030612 0.021809 0.049620 0.032813 0.031813 0.032013 0.008603 0.006002 0.032413 0.017207 0.007003 0.006202 0.056423 0.040016 0.037215 0.015406 0.030212 0.030612 0.022809 0.013405 
0.063625 0.042817 0.056222 0.045218 0.050220 0.026411 0.037415 0.012205 0.033013 0.027611 0.034014 0.039616 0.027411 0.023810 0.057823 0.032613 0.032813 0.032613 0.007203 0.005402 0.030012 0.020208 0.007603 0.007203 0.046218 0.031212 0.039616 0.020808 0.040216 0.034814 0.019408 0.014606 
0.070228 0.041417 0.059224 0.040816 0.054822 0.027411 0.036615 0.008003 0.038816 0.029812 0.039016 0.040416 0.021208 0.023609 0.054622 0.033213 0.031212 0.029812 0.009804 0.004602 0.030612 0.019208 0.005202 0.007003 0.051020 0.031613 0.041617 0.018207 0.035814 0.031813 0.020808 0.012405 
0.065026 0.044018 0.056222 0.041817 0.050420 0.026210 0.037215 0.011204 0.035014 0.029012 0.037815 0.039216 0.025810 0.022809 0.056423 0.032413 0.033413 0.031813 0.007003 0.006002 0.027411 0.022409 0.009004 0.006202 0.045818 0.030212 0.041617 0.019608 0.039616 0.036014 0.018407 0.014806 
0.064226 0.042017 0.056823 0.042017 0.047219 0.024210 0.039216 0.014406 0.032613 0.029212 0.034614 0.037415 0.028812 0.021409 0.057023 0.032613 0.033013 0.031012 0.007603 0.006002 0.030012 0.021809 0.010604 0.008603 0.042617 0.030412 0.044818 0.019408 0.041417 0.034214 0.019808 0.014806 
0.055422 0.042417 0.047419 0.038816 0.062225 0.028211 0.039416 0.012605 0.038816 0.030012 0.047019 0.034614 0.030412 0.020808 0.048419 0.034414 0.032413 0.027811 0.010204 0.007203 0.036415 0.017607 0.005802 0.006002 0.054622 0.042217 0.040416 0.015606 0.025610 0.031613 0.023409 0.012005 
0.066226 0.045018 0.061224 0.037815 0.054222 0.028211 0.035614 0.009404 0.041417 0.029812 0.040016 0.042217 0.022809 0.022209 0.048820 0.030212 0.029012 0.031212 0.012405 0.003802 0.037815 0.018207 0.006603 0.006603 0.058623 0.031413 0.037615 0.019008 0.036415 0.025010 0.021008 0.010004 
0.054622 0.038615 0.053021 0.037215 0.061625 0.026811 0.035214 0.012005 0.043017 0.028211 0.051421 0.035414 0.030412 0.024410 0.044218 0.035414 0.029612 0.024210 0.008603 0.005202 0.039016 0.019208 0.007803 0.006603 0.055222 0.039216 0.042017 0.014006 0.029412 0.032813 0.022409 0.013005 
0.062625 0.048619 0.045218 0.044218 0.059024 0.029012 0.042617 0.011204 0.038615 0.024610 0.044418 0.036214 0.028411 0.021208 0.051821 0.030812 0.031613 0.029612 0.008203 0.002401 0.036014 0.016607 0.007003 0.006603 0.054422 0.041817 0.038615 0.012005 0.031813 0.031613 0.020808 0.012205 
0.075830 0.046419 0.061825 0.040016 0.053021 0.030812 0.037415 0.008603 0.038415 0.026210 0.036415 0.039416 0.021609 0.021208 0.054022 0.033013 0.028611 0.033814 0.009604 0.003601 0.033814 0.017207 0.005402 0.006002 0.058223 0.030412 0.037015 0.017607 0.036014 0.028211 0.020008 0.010204 
0.066226 0.049220 0.050620 0.045818 0.058023 0.029212 0.045218 0.011805 0.043617 0.024210 0.037215 0.039416 0.025610 0.019808 0.050420 0.030612 0.028611 0.028011 0.006002 0.003001 0.040816 0.014806 0.004202 0.005402 0.065426 0.046218 0.032813 0.010404 0.029612 0.028211 0.018207 0.011204 
0.060024 0.046018 0.043217 0.045218 0.060824 0.030212 0.044018 0.010004 0.040816 0.023609 0.043617 0.034614 0.032613 0.021008 0.050620 0.034214 0.033213 0.031413 0.008403 0.002201 0.037215 0.016607 0.003401 0.004002 0.056222 0.045818 0.036815 0.012005 0.027611 0.032613 0.019008 0.012805 
0.067627 0.043217 0.062625 0.037815 0.056423 0.027811 0.037415 0.007203 0.040016 0.030412 0.041016 0.041617 0.023009 0.019408 0.048019 0.032013 0.031613 0.032013 0.011605 0.003601 0.035214 0.016807 0.006603 0.005802 0.059424 0.033413 0.037015 0.018607 0.036415 0.027211 0.020208 0.008804 
0.064026 0.042417 0.057023 0.042817 0.051821 0.024810 0.039416 0.012005 0.032413 0.028211 0.036014 0.038215 0.028211 0.021208 0.057623 0.033613 0.034014 0.032413 0.004402 0.005402 0.028211 0.022009 0.008804 0.007403 0.045418 0.032013 0.042617 0.019608 0.039016 0.034214 0.020008 0.014606 
0.062825 0.040616 0.057023 0.045418 0.046018 0.023009 0.040616 0.014006 0.033613 0.027411 0.034814 0.037615 0.029412 0.021208 0.058623 0.031212 0.031613 0.030012 0.006403 0.005602 0.029012 0.022809 0.010804 0.009604 0.043818 0.032013 0.044218 0.018407 0.041016 0.036014 0.019808 0.015406 
0.059624 0.040616 0.048619 0.039616 0.061224 0.027211 0.038215 0.015206 0.041417 0.028411 0.044818 0.033413 0.030012 0.022409 0.046619 0.037615 0.030812 0.025610 0.007603 0.006403 0.036214 0.017407 0.007603 0.007203 0.055822 0.040616 0.039816 0.014206 0.026210 0.033413 0.023009 0.013005 
0.058623 0.045218 0.045218 0.042217 0.058223 0.028011 0.042817 0.012405 0.040616 0.027011 0.042017 0.032813 0.030212 0.021409 0.051020 0.034614 0.031212 0.031012 0.010404 0.006603 0.037215 0.016607 0.005802 0.005202 0.053221 0.039816 0.038415 0.016607 0.028211 0.031012 0.021809 0.014406 
0.057223 0.040816 0.049020 0.037815 0.062225 0.028211 0.039216 0.013205 0.041617 0.029012 0.046018 0.034814 0.029012 0.021208 0.048219 0.033814 0.031413 0.026611 0.008603 0.007803 0.037415 0.017607 0.007203 0.006202 0.053822 0.045218 0.038816 0.014406 0.025810 0.031813 0.022809 0.013005 
0.060824 0.043818 0.052421 0.040816 0.051621 0.026210 0.037015 0.015006 0.034014 0.028611 0.036415 0.037815 0.028611 0.022209 0.057023 0.031813 0.035014 0.035214 0.006803 0.005802 0.029012 0.020808 0.011004 0.007403 0.041216 0.032613 0.039816 0.021008 0.038816 0.033613 0.021609 0.016006 
0.054422 0.041216 0.050620 0.036014 0.058023 0.028011 0.035814 0.015206 0.043217 0.026210 0.051220 0.033413 0.030412 0.022409 0.048019 0.035814 0.029212 0.029012 0.008603 0.005602 0.037215 0.019608 0.007603 0.006803 0.050820 0.036014 0.042017 0.016006 0.029212 0.035214 0.024010 0.013005 
0.069228 0.044418 0.058423 0.043217 0.051421 0.026411 0.040616 0.009404 0.033814 0.027011 0.034814 0.040616 0.023209 0.022009 0.057423 0.032813 0.033213 0.033213 0.007403 0.003802 0.029612 0.020408 0.006803 0.005202 0.048219 0.030812 0.041016 0.019208 0.040416 0.032613 0.019808 0.013405 
0.055822 0.043617 0.043617 0.038816 0.058423 0.022809 0.041817 0.017407 0.038015 0.030212 0.039616 0.035614 0.030612 0.020208 0.048619 0.034814 0.033413 0.027011 0.010404 0.008804 0.035614 0.020408 0.011805 0.008804 0.047819 0.040216 0.039216 0.015606 0.029612 0.031813 0.021809 0.017607 
0.067427 0.046218 0.048019 0.044818 0.058023 0.031212 0.043417 0.010404 0.041417 0.024610 0.044818 0.037015 0.027611 0.019808 0.048219 0.031413 0.027811 0.028211 0.006002 0.004002 0.039416 0.015806 0.006403 0.005202 0.062025 0.044018 0.036815 0.010004 0.028611 0.029212 0.021208 0.010804 
0.064626 0.044218 0.045418 0.053021 0.052021 0.028611 0.042217 0.008804 0.031613 0.025010 0.034414 0.042217 0.025210 0.023609 0.051421 0.039616 0.028611 0.034614 0.008804 0.005402 0.027011 0.024410 0.009804 0.007603 0.048619 0.029212 0.041817 0.016807 0.042617 0.025810 0.018607 0.018207 
0.065226 0.038816 0.058023 0.035014 0.061425 0.028611 0.035214 0.011004 0.044818 0.025010 0.047419 0.034414 0.028411 0.021609 0.047219 0.035614 0.031012 0.029412 0.008603 0.003401 0.034814 0.018808 0.007603 0.005602 0.054822 0.039016 0.039616 0.014806 0.029812 0.031012 0.022809 0.011004 
0.064826 0.046018 0.048019 0.041617 0.057623 0.028611 0.041216 0.014006 0.043217 0.025810 0.043818 0.036815 0.027611 0.020608 0.049220 0.033013 0.028011 0.029612 0.007403 0.002801 0.038015 0.018607 0.008003 0.005602 0.057823 0.041617 0.036214 0.012605 0.028611 0.030612 0.020608 0.011805 
0.066827 0.048019 0.045418 0.054222 0.055622 0.030012 0.041216 0.009804 0.035414 0.026811 0.031613 0.042217 0.024410 0.024010 0.052821 0.037815 0.028411 0.031413 0.008203 0.004802 0.027211 0.021809 0.007203 0.005402 0.055422 0.033613 0.038415 0.017207 0.039416 0.025210 0.017007 0.013005 
0.063425 0.043818 0.046419 0.055422 0.049420 0.029012 0.040616 0.008403 0.031413 0.027011 0.035614 0.041216 0.026010 0.024610 0.050020 0.039016 0.026611 0.034614 0.010804 0.006002 0.026611 0.023810 0.009604 0.006803 0.053421 0.027411 0.041216 0.018207 0.042217 0.026010 0.017207 0.018007 
0.062025 0.045218 0.043417 0.053822 0.052021 0.027811 0.040016 0.010804 0.029812 0.025410 0.037015 0.041617 0.026411 0.025410 0.052221 0.038215 0.027011 0.032813 0.009604 0.006002 0.027011 0.025810 0.009604 0.007603 0.047619 0.028812 0.043017 0.017807 0.042417 0.026611 0.018407 0.018607 
0.060024 0.044018 0.045618 0.043617 0.060624 0.030012 0.041617 0.010604 0.037015 0.026411 0.043818 0.034414 0.029412 0.021809 0.050020 0.033413 0.033413 0.032413 0.011004 0.004802 0.034814 0.015406 0.005402 0.004802 0.055222 0.043417 0.036415 0.015606 0.028211 0.031212 0.022009 0.013405 
0.070628 0.050420 0.049620 0.050020 0.057223 0.028411 0.044818 0.008003 0.041016 0.023409 0.037015 0.043417 0.024410 0.021409 0.047819 0.031413 0.027011 0.027811 0.006002 0.003401 0.039616 0.017407 0.004602 0.004002 0.066627 0.039216 0.032213 0.013405 0.035614 0.026010 0.017207 0.010804 
0.065226 0.048619 0.045818 0.054222 0.057423 0.028812 0.043818 0.007403 0.033814 0.024610 0.032613 0.042017 0.025010 0.023609 0.052821 0.038615 0.028812 0.031413 0.008203 0.003802 0.028812 0.022609 0.005602 0.006002 0.054422 0.034214 0.039416 0.017807 0.041417 0.024610 0.016006 0.012405 
0.056823 0.043017 0.048419 0.037815 0.061625 0.026811 0.040416 0.013205 0.041417 0.029212 0.045418 0.032413 0.028411 0.022809 0.047219 0.033613 0.032813 0.027811 0.009404 0.006202 0.037415 0.016006 0.007403 0.007203 0.056222 0.043017 0.037615 0.015806 0.025610 0.032213 0.022409 0.014206 
0.056022 0.044018 0.045818 0.040416 0.059824 0.026411 0.040216 0.012205 0.041016 0.031413 0.045818 0.033613 0.030412 0.021809 0.047419 0.032013 0.032013 0.027611 0.011405 0.007403 0.038215 0.015406 0.007803 0.006202 0.053621 0.040816 0.040816 0.015606 0.029012 0.029012 0.021809 0.014806 
0.061024 0.042417 0.046018 0.040816 0.058223 0.026010 0.040616 0.011805 0.041216 0.027811 0.045018 0.035014 0.031813 0.021409 0.049220 0.032813 0.031813 0.029012 0.010804 0.006603 0.038415 0.017807 0.004802 0.005602 0.052421 0.039816 0.038615 0.016407 0.027611 0.032813 0.021609 0.014606 
0.065626 0.045018 0.046218 0.054022 0.055822 0.029812 0.040216 0.009004 0.031212 0.023810 0.036415 0.042617 0.025010 0.023409 0.051621 0.041016 0.028611 0.032013 0.009604 0.005002 0.026411 0.022209 0.007003 0.005402 0.050020 0.030012 0.043017 0.015606 0.043617 0.027011 0.018607 0.015006 
0.055622 0.041216 0.049620 0.039816 0.059024 0.026811 0.039816 0.013005 0.040816 0.027811 0.050620 0.033413 0.029212 0.021809 0.046419 0.033413 0.029212 0.026411 0.009804 0.005202 0.035014 0.020208 0.009804 0.006803 0.056222 0.039216 0.043217 0.014406 0.027811 0.031012 0.025010 0.012205 
0.059024 0.042817 0.047819 0.042817 0.057223 0.028411 0.041617 0.012805 0.041617 0.027011 0.043017 0.031813 0.029612 0.020808 0.050220 0.034214 0.030012 0.032213 0.010004 0.006403 0.034814 0.016206 0.009204 0.005202 0.053621 0.041216 0.036014 0.017407 0.029412 0.032013 0.021809 0.013605 
0.068027 0.045618 0.048019 0.045418 0.056022 0.030412 0.045218 0.009004 0.042617 0.026210 0.044418 0.035214 0.027411 0.019808 0.049420 0.029812 0.029012 0.029412 0.005602 0.003601 0.037815 0.015406 0.006603 0.005602 0.061024 0.044818 0.037415 0.011204 0.028611 0.029812 0.020208 0.011204 
0.069428 0.047819 0.050420 0.050620 0.055422 0.027411 0.043417 0.009004 0.043017 0.025810 0.036415 0.041417 0.026411 0.021409 0.048219 0.031413 0.026611 0.026811 0.006403 0.004002 0.038415 0.017007 0.005202 0.005802 0.066827 0.039016 0.033013 0.014206 0.034014 0.027411 0.017007 0.010604 
0.067627 0.043017 0.060024 0.039016 0.053621 0.030612 0.033814 0.009204 0.043417 0.030612 0.042017 0.040616 0.024210 0.022009 0.048419 0.030212 0.028411 0.032613 0.010804 0.004002 0.036615 0.016607 0.007603 0.006403 0.057823 0.032613 0.038015 0.018407 0.035814 0.024610 0.021609 0.009604 
0.061224 0.045818 0.043217 0.044018 0.058824 0.030612 0.042017 0.010604 0.041016 0.023209 0.046218 0.035014 0.031012 0.022409 0.050420 0.032813 0.030812 0.030612 0.008403 0.003001 0.037015 0.018607 0.005602 0.005202 0.053221 0.043617 0.038015 0.012605 0.029612 0.032613 0.019808 0.012805 
0.054622 0.040216 0.051220 0.035014 0.060824 0.028411 0.038215 0.012005 0.042617 0.028611 0.050420 0.034014 0.029412 0.022809 0.044218 0.035414 0.032013 0.026210 0.008603 0.006002 0.037215 0.020208 0.007003 0.007403 0.055422 0.039216 0.044018 0.014806 0.026611 0.031012 0.024410 0.011805 
0.060624 0.045818 0.044418 0.042017 0.059624 0.028211 0.040816 0.012205 0.041016 0.026811 0.044418 0.036615 0.028211 0.021609 0.047619 0.032613 0.032013 0.029812 0.009204 0.006403 0.036415 0.016807 0.006803 0.006202 0.056423 0.040216 0.035814 0.014606 0.028011 0.031413 0.022209 0.015006 
0.053621 0.043017 0.046819 0.041417 0.057823 0.027211 0.039216 0.015206 0.041617 0.031012 0.045018 0.034614 0.030812 0.021409 0.048619 0.031613 0.032013 0.027011 0.010004 0.007003 0.036415 0.016206 0.007403 0.006403 0.054822 0.041617 0.040216 0.016206 0.028011 0.032413 0.023209 0.012005 
0.059824 0.043818 0.044218 0.045618 0.060624 0.030612 0.041417 0.011405 0.037415 0.025610 0.043217 0.035414 0.031413 0.023009 0.049220 0.032613 0.031813 0.030412 0.008603 0.005002 0.037015 0.016807 0.004802 0.004402 0.056022 0.048019 0.035414 0.014806 0.028411 0.030412 0.019608 0.013005 
0.060824 0.045418 0.045418 0.042817 0.056823 0.029212 0.043017 0.011204 0.042217 0.024810 0.043217 0.033413 0.029212 0.024210 0.051621 0.031212 0.033413 0.029612 0.009804 0.002401 0.034814 0.018808 0.005602 0.005602 0.052621 0.043217 0.041216 0.013205 0.029412 0.031413 0.020408 0.013806 
0.064626 0.048820 0.046819 0.053021 0.058023 0.027811 0.042417 0.009204 0.036014 0.025210 0.033213 0.044018 0.026010 0.022209 0.051621 0.036615 0.027011 0.029012 0.007403 0.005202 0.033013 0.021809 0.005602 0.006002 0.059024 0.034814 0.037815 0.015006 0.038215 0.023609 0.017207 0.013605 
0.069228 0.042217 0.062625 0.038215 0.053221 0.030212 0.032413 0.011004 0.043818 0.030412 0.040016 0.039616 0.024010 0.023810 0.044618 0.031613 0.027211 0.031613 0.010804 0.004202 0.036815 0.017607 0.008603 0.006603 0.063225 0.033013 0.036014 0.019208 0.035214 0.022409 0.020208 0.010204 
0.065026 0.048019 0.051020 0.050220 0.056222 0.030612 0.041817 0.007603 0.041617 0.022809 0.035614 0.043617 0.025610 0.023009 0.049020 0.033413 0.027811 0.030012 0.006803 0.004002 0.036214 0.019808 0.005402 0.003401 0.063225 0.037015 0.033814 0.014606 0.037015 0.026010 0.017807 0.011805 
0.054822 0.039416 0.050020 0.034814 0.061224 0.028812 0.037215 0.012605 0.045018 0.028011 0.051020 0.034614 0.028011 0.022609 0.044818 0.036014 0.030212 0.027211 0.008804 0.006002 0.036415 0.021008 0.008203 0.008403 0.053221 0.039616 0.043217 0.014206 0.026210 0.030412 0.025010 0.012805 
0.062425 0.046218 0.045418 0.041216 0.059824 0.028211 0.042417 0.010604 0.039416 0.027811 0.045018 0.033814 0.029212 0.020608 0.051020 0.032413 0.032213 0.031413 0.009404 0.005602 0.037215 0.015206 0.005402 0.004802 0.052821 0.042417 0.037415 0.015406 0.029012 0.032013 0.020008 0.014006 
0.074230 0.044618 0.062425 0.038415 0.055222 0.029612 0.038015 0.007403 0.040216 0.030012 0.038615 0.042417 0.019608 0.020408 0.050220 0.032613 0.030812 0.032813 0.009404 0.003201 0.035214 0.016006 0.004602 0.004802 0.059424 0.032613 0.037615 0.017407 0.035614 0.026611 0.020408 0.009404 
0.067627 0.047819 0.051020 0.052421 0.056823 0.029812 0.042417 0.006603 0.040016 0.024410 0.036415 0.044818 0.024810 0.022409 0.048219 0.032213 0.027611 0.029412 0.006002 0.003001 0.036014 0.018607 0.005002 0.004602 0.066827 0.038415 0.033413 0.013205 0.036214 0.024810 0.017207 0.011805 
0.060424 0.043417 0.043017 0.045418 0.058023 0.032013 0.040416 0.013005 0.041617 0.025410 0.043217 0.035014 0.029412 0.022809 0.047819 0.032613 0.031413 0.032613 0.009804 0.005002 0.035014 0.016006 0.006403 0.005602 0.055022 0.044818 0.036815 0.015006 0.029012 0.027611 0.022809 0.013405 
0.067827 0.043417 0.057223 0.042817 0.048820 0.025410 0.040216 0.009604 0.036815 0.028411 0.032413 0.038816 0.024610 0.025210 0.056022 0.029612 0.034614 0.030412 0.007803 0.005402 0.030012 0.021409 0.007803 0.007603 0.049020 0.031212 0.040216 0.021208 0.038415 0.033413 0.019808 0.014406 
0.057823 0.042617 0.049220 0.037615 0.062425 0.028011 0.038415 0.013405 0.046419 0.028812 0.044418 0.032013 0.029212 0.021609 0.046819 0.033413 0.031012 0.026210 0.010604 0.008804 0.036615 0.016006 0.008003 0.006202 0.055622 0.044618 0.036615 0.016807 0.026811 0.030412 0.021609 0.011805 
0.059024 0.041016 0.051220 0.038015 0.059024 0.028211 0.039216 0.013806 0.044018 0.031012 0.045818 0.031212 0.028611 0.020608 0.048619 0.033213 0.029612 0.028611 0.008603 0.008403 0.037415 0.014606 0.007403 0.006002 0.055422 0.043217 0.039216 0.016807 0.026411 0.030412 0.022609 0.012605 
